   1.0000000000000000E-003   0.0000000000000000     
   2.0000000000000000E-003   0.0000000000000000     
   3.0000000000000001E-003   0.0000000000000000     
   4.0000000000000001E-003   0.0000000000000000     
   5.0000000000000001E-003   0.0000000000000000     
   6.0000000000000001E-003   0.0000000000000000     
   7.0000000000000001E-003   0.0000000000000000     
   8.0000000000000002E-003   0.0000000000000000     
   8.9999999999999993E-003   0.0000000000000000     
   1.0000000000000000E-002   0.0000000000000000     
   1.0999999999999999E-002   0.0000000000000000     
   1.2000000000000000E-002   0.0000000000000000     
   1.2999999999999999E-002   0.0000000000000000     
   1.4000000000000000E-002   0.0000000000000000     
   1.4999999999999999E-002   0.0000000000000000     
   1.6000000000000000E-002   0.0000000000000000     
   1.7000000000000001E-002   0.0000000000000000     
   1.7999999999999999E-002   0.0000000000000000     
   1.9000000000000000E-002   0.0000000000000000     
   2.0000000000000000E-002   0.0000000000000000     
   2.1000000000000001E-002   0.0000000000000000     
   2.1999999999999999E-002   0.0000000000000000     
   2.3000000000000000E-002   0.0000000000000000     
   2.4000000000000000E-002   0.0000000000000000     
   2.5000000000000001E-002   0.0000000000000000     
   2.5999999999999999E-002   0.0000000000000000     
   2.7000000000000000E-002   0.0000000000000000     
   2.8000000000000001E-002   0.0000000000000000     
   2.9000000000000001E-002   0.0000000000000000     
   2.9999999999999999E-002   0.0000000000000000     
   3.1000000000000000E-002   0.0000000000000000     
   3.2000000000000001E-002   0.0000000000000000     
   3.3000000000000002E-002   0.0000000000000000     
   3.4000000000000002E-002   0.0000000000000000     
   3.5000000000000003E-002   0.0000000000000000     
   3.5999999999999997E-002   0.0000000000000000     
   3.6999999999999998E-002   0.0000000000000000     
   3.7999999999999999E-002   0.0000000000000000     
   3.9000000000000000E-002   0.0000000000000000     
   4.0000000000000001E-002   0.0000000000000000     
   4.1000000000000002E-002   0.0000000000000000     
   4.2000000000000003E-002   0.0000000000000000     
   4.2999999999999997E-002   0.0000000000000000     
   4.3999999999999997E-002   0.0000000000000000     
   4.4999999999999998E-002   0.0000000000000000     
   4.5999999999999999E-002   0.0000000000000000     
   4.7000000000000000E-002   0.0000000000000000     
   4.8000000000000001E-002   0.0000000000000000     
   4.9000000000000002E-002   0.0000000000000000     
   5.0000000000000003E-002   0.0000000000000000     
   5.0999999999999997E-002   0.0000000000000000     
   5.1999999999999998E-002   0.0000000000000000     
   5.2999999999999999E-002   0.0000000000000000     
   5.3999999999999999E-002   0.0000000000000000     
   5.5000000000000000E-002   0.0000000000000000     
   5.6000000000000001E-002   0.0000000000000000     
   5.7000000000000002E-002   0.0000000000000000     
   5.8000000000000003E-002   0.0000000000000000     
   5.8999999999999997E-002   0.0000000000000000     
   5.9999999999999998E-002   0.0000000000000000     
   6.0999999999999999E-002   0.0000000000000000     
   6.2000000000000000E-002   0.0000000000000000     
   6.3000000000000000E-002   0.0000000000000000     
   6.4000000000000001E-002   0.0000000000000000     
   6.5000000000000002E-002   0.0000000000000000     
   6.6000000000000003E-002   0.0000000000000000     
   6.7000000000000004E-002   0.0000000000000000     
   6.8000000000000005E-002   0.0000000000000000     
   6.9000000000000006E-002   0.0000000000000000     
   7.0000000000000007E-002   0.0000000000000000     
   7.0999999999999994E-002   0.0000000000000000     
   7.1999999999999995E-002   0.0000000000000000     
   7.2999999999999995E-002   0.0000000000000000     
   7.3999999999999996E-002   0.0000000000000000     
   7.4999999999999997E-002   0.0000000000000000     
   7.5999999999999998E-002   0.0000000000000000     
   7.6999999999999999E-002   0.0000000000000000     
   7.8000000000000000E-002   0.0000000000000000     
   7.9000000000000001E-002   0.0000000000000000     
   8.0000000000000002E-002   0.0000000000000000     
   8.1000000000000003E-002   0.0000000000000000     
   8.2000000000000003E-002   0.0000000000000000     
   8.3000000000000004E-002   0.0000000000000000     
   8.4000000000000005E-002   0.0000000000000000     
   8.5000000000000006E-002   0.0000000000000000     
   8.5999999999999993E-002   0.0000000000000000     
   8.6999999999999994E-002   0.0000000000000000     
   8.7999999999999995E-002   0.0000000000000000     
   8.8999999999999996E-002   0.0000000000000000     
   8.9999999999999997E-002   0.0000000000000000     
   9.0999999999999998E-002   0.0000000000000000     
   9.1999999999999998E-002   0.0000000000000000     
   9.2999999999999999E-002   0.0000000000000000     
   9.4000000000000000E-002   0.0000000000000000     
   9.5000000000000001E-002   0.0000000000000000     
   9.6000000000000002E-002   0.0000000000000000     
   9.7000000000000003E-002   0.0000000000000000     
   9.8000000000000004E-002   0.0000000000000000     
   9.9000000000000005E-002   0.0000000000000000     
  0.10000000000000001        0.0000000000000000     
  0.10100000000000001        1.0000000474974513E-003
  0.10199999999999999        0.0000000000000000     
  0.10299999999999999        0.0000000000000000     
  0.10400000000000000        0.0000000000000000     
  0.10500000000000000        0.0000000000000000     
  0.10600000000000000        0.0000000000000000     
  0.10700000000000000        0.0000000000000000     
  0.10800000000000000        0.0000000000000000     
  0.10900000000000000        1.0000000474974513E-003
  0.11000000000000000        0.0000000000000000     
  0.11100000000000000        0.0000000000000000     
  0.11200000000000000        1.0000000474974513E-003
  0.11300000000000000        0.0000000000000000     
  0.11400000000000000        0.0000000000000000     
  0.11500000000000000        0.0000000000000000     
  0.11600000000000001        0.0000000000000000     
  0.11700000000000001        0.0000000000000000     
  0.11799999999999999        1.0000000474974513E-003
  0.11899999999999999        0.0000000000000000     
  0.12000000000000000        0.0000000000000000     
  0.12100000000000000        0.0000000000000000     
  0.12200000000000000        0.0000000000000000     
  0.12300000000000000        0.0000000000000000     
  0.12400000000000000        0.0000000000000000     
  0.12500000000000000        1.0000000474974513E-003
  0.12600000000000000        1.0000000474974513E-003
  0.12700000000000000        0.0000000000000000     
  0.12800000000000000        0.0000000000000000     
  0.12900000000000000        1.0000000474974513E-003
  0.13000000000000000        1.0000000474974513E-003
  0.13100000000000001        2.0000000949949026E-003
  0.13200000000000001        0.0000000000000000     
  0.13300000000000001        0.0000000000000000     
  0.13400000000000001        1.0000000474974513E-003
  0.13500000000000001        0.0000000000000000     
  0.13600000000000001        0.0000000000000000     
  0.13700000000000001        0.0000000000000000     
  0.13800000000000001        0.0000000000000000     
  0.13900000000000001        0.0000000000000000     
  0.14000000000000001        0.0000000000000000     
  0.14099999999999999        1.0000000474974513E-003
  0.14199999999999999        2.0000000949949026E-003
  0.14299999999999999        0.0000000000000000     
  0.14399999999999999        0.0000000000000000     
  0.14499999999999999        2.0000000949949026E-003
  0.14599999999999999        3.0000000260770321E-003
  0.14699999999999999        0.0000000000000000     
  0.14799999999999999        0.0000000000000000     
  0.14899999999999999        2.0000000949949026E-003
  0.14999999999999999        0.0000000000000000     
  0.15100000000000000        1.0000000474974513E-003
  0.15200000000000000        0.0000000000000000     
  0.15300000000000000        1.0000000474974513E-003
  0.15400000000000000        0.0000000000000000     
  0.15500000000000000        1.0000000474974513E-003
  0.15600000000000000        0.0000000000000000     
  0.15700000000000000        3.0000000260770321E-003
  0.15800000000000000        2.0000000949949026E-003
  0.15900000000000000        2.0000000949949026E-003
  0.16000000000000000        0.0000000000000000     
  0.16100000000000000        0.0000000000000000     
  0.16200000000000001        0.0000000000000000     
  0.16300000000000001        2.0000000949949026E-003
  0.16400000000000001        1.0000000474974513E-003
  0.16500000000000001        0.0000000000000000     
  0.16600000000000001        2.0000000949949026E-003
  0.16700000000000001        0.0000000000000000     
  0.16800000000000001        1.0000000474974513E-003
  0.16900000000000001        2.0000000949949026E-003
  0.17000000000000001        1.0000000474974513E-003
  0.17100000000000001        4.0000001899898052E-003
  0.17199999999999999        0.0000000000000000     
  0.17299999999999999        4.0000001899898052E-003
  0.17399999999999999        2.0000000949949026E-003
  0.17499999999999999        0.0000000000000000     
  0.17599999999999999        0.0000000000000000     
  0.17699999999999999        2.0000000949949026E-003
  0.17799999999999999        1.0000000474974513E-003
  0.17899999999999999        2.0000000949949026E-003
  0.17999999999999999        1.0000000474974513E-003
  0.18099999999999999        1.0000000474974513E-003
  0.18200000000000000        1.0000000474974513E-003
  0.18300000000000000        2.0000000949949026E-003
  0.18400000000000000        2.0000000949949026E-003
  0.18500000000000000        0.0000000000000000     
  0.18600000000000000        2.0000000949949026E-003
  0.18700000000000000        4.0000001899898052E-003
  0.18800000000000000        1.0000000474974513E-003
  0.18900000000000000        4.0000001899898052E-003
  0.19000000000000000        4.9999998882412910E-003
  0.19100000000000000        3.0000000260770321E-003
  0.19200000000000000        0.0000000000000000     
  0.19300000000000000        3.0000000260770321E-003
  0.19400000000000001        3.0000000260770321E-003
  0.19500000000000001        2.0000000949949026E-003
  0.19600000000000001        4.0000001899898052E-003
  0.19700000000000001        1.0000000474974513E-003
  0.19800000000000001        2.0000000949949026E-003
  0.19900000000000001        0.0000000000000000     
  0.20000000000000001        2.0000000949949026E-003
  0.20100000000000001        1.0000000474974513E-003
  0.20200000000000001        3.0000000260770321E-003
  0.20300000000000001        3.0000000260770321E-003
  0.20399999999999999        4.0000001899898052E-003
  0.20499999999999999        3.0000000260770321E-003
  0.20599999999999999        4.0000001899898052E-003
  0.20699999999999999        8.9999996125698090E-003
  0.20799999999999999        2.0000000949949026E-003
  0.20899999999999999        1.0000000474974513E-003
  0.20999999999999999        4.9999998882412910E-003
  0.21099999999999999        4.0000001899898052E-003
  0.21199999999999999        2.0000000949949026E-003
  0.21299999999999999        3.0000000260770321E-003
  0.21400000000000000        3.0000000260770321E-003
  0.21500000000000000        7.0000002160668373E-003
  0.21600000000000000        4.9999998882412910E-003
  0.21700000000000000        4.9999998882412910E-003
  0.21800000000000000        4.9999998882412910E-003
  0.21900000000000000        6.0000000521540642E-003
  0.22000000000000000        3.0000000260770321E-003
  0.22100000000000000        4.9999998882412910E-003
  0.22200000000000000        6.0000000521540642E-003
  0.22300000000000000        4.9999998882412910E-003
  0.22400000000000000        6.0000000521540642E-003
  0.22500000000000001        4.0000001899898052E-003
  0.22600000000000001        4.0000001899898052E-003
  0.22700000000000001        8.0000003799796104E-003
  0.22800000000000001        8.9999996125698090E-003
  0.22900000000000001        3.0000000260770321E-003
  0.23000000000000001        4.0000001899898052E-003
  0.23100000000000001        8.9999996125698090E-003
  0.23200000000000001        7.0000002160668373E-003
  0.23300000000000001        8.0000003799796104E-003
  0.23400000000000001        4.9999998882412910E-003
  0.23499999999999999        4.9999998882412910E-003
  0.23599999999999999        8.0000003799796104E-003
  0.23699999999999999        4.9999998882412910E-003
  0.23799999999999999        9.9999997764825821E-003
  0.23899999999999999        8.9999996125698090E-003
  0.23999999999999999        6.0000000521540642E-003
  0.24099999999999999        4.9999998882412910E-003
  0.24199999999999999        8.0000003799796104E-003
  0.24299999999999999        9.9999997764825821E-003
  0.24399999999999999        8.0000003799796104E-003
  0.24500000000000000        7.0000002160668373E-003
  0.24600000000000000        1.4000000432133675E-002
  0.24700000000000000        9.9999997764825821E-003
  0.24800000000000000        8.9999996125698090E-003
  0.24900000000000000        8.0000003799796104E-003
  0.25000000000000000        8.9999996125698090E-003
  0.25100000000000000        4.9999998882412910E-003
  0.25200000000000000        8.9999996125698090E-003
  0.25300000000000000        9.9999997764825821E-003
  0.25400000000000000        8.9999996125698090E-003
  0.25500000000000000        1.0999999940395355E-002
  0.25600000000000001        8.0000003799796104E-003
  0.25700000000000001        8.9999996125698090E-003
  0.25800000000000001        1.3000000268220901E-002
  0.25900000000000001        1.4999999664723873E-002
  0.26000000000000001        1.2000000104308128E-002
  0.26100000000000001        1.2000000104308128E-002
  0.26200000000000001        7.0000002160668373E-003
  0.26300000000000001        8.9999996125698090E-003
  0.26400000000000001        1.6000000759959221E-002
  0.26500000000000001        1.3000000268220901E-002
  0.26600000000000001        8.0000003799796104E-003
  0.26700000000000002        1.4999999664723873E-002
  0.26800000000000002        1.7000000923871994E-002
  0.26900000000000002        1.3000000268220901E-002
  0.27000000000000002        1.6000000759959221E-002
  0.27100000000000002        1.4000000432133675E-002
  0.27200000000000002        1.7999999225139618E-002
  0.27300000000000002        1.6000000759959221E-002
  0.27400000000000002        2.1999999880790710E-002
  0.27500000000000002        1.2000000104308128E-002
  0.27600000000000002        1.4999999664723873E-002
  0.27700000000000002        1.4000000432133675E-002
  0.27800000000000002        1.8999999389052391E-002
  0.27900000000000003        2.0999999716877937E-002
  0.28000000000000003        1.7000000923871994E-002
  0.28100000000000003        2.0999999716877937E-002
  0.28199999999999997        1.6000000759959221E-002
  0.28299999999999997        1.4000000432133675E-002
  0.28399999999999997        1.7999999225139618E-002
  0.28499999999999998        8.0000003799796104E-003
  0.28599999999999998        1.7999999225139618E-002
  0.28699999999999998        2.7000000700354576E-002
  0.28799999999999998        2.3000000044703484E-002
  0.28899999999999998        2.7000000700354576E-002
  0.28999999999999998        2.8000000864267349E-002
  0.29099999999999998        2.3000000044703484E-002
  0.29199999999999998        2.6000000536441803E-002
  0.29299999999999998        3.5999998450279236E-002
  0.29399999999999998        2.8000000864267349E-002
  0.29499999999999998        2.3000000044703484E-002
  0.29599999999999999        2.7000000700354576E-002
  0.29699999999999999        3.2000001519918442E-002
  0.29799999999999999        2.6000000536441803E-002
  0.29899999999999999        2.8999999165534973E-002
  0.29999999999999999        2.6000000536441803E-002
  0.30099999999999999        2.7000000700354576E-002
  0.30199999999999999        3.2999999821186066E-002
  0.30299999999999999        2.4000000208616257E-002
  0.30399999999999999        1.7000000923871994E-002
  0.30499999999999999        3.7999998778104782E-002
  0.30599999999999999        2.9999999329447746E-002
  0.30700000000000000        3.2999999821186066E-002
  0.30800000000000000        3.5000000149011612E-002
  0.30900000000000000        2.3000000044703484E-002
  0.31000000000000000        3.4000001847743988E-002
  0.31100000000000000        3.0999999493360519E-002
  0.31200000000000000        4.3000001460313797E-002
  0.31300000000000000        3.2999999821186066E-002
  0.31400000000000000        2.8999999165534973E-002
  0.31500000000000000        3.5999998450279236E-002
  0.31600000000000000        3.7000000476837158E-002
  0.31700000000000000        2.9999999329447746E-002
  0.31800000000000000        3.5999998450279236E-002
  0.31900000000000001        3.9000000804662704E-002
  0.32000000000000001        3.7999998778104782E-002
  0.32100000000000001        3.0999999493360519E-002
  0.32200000000000001        3.0999999493360519E-002
  0.32300000000000001        4.1999999433755875E-002
  0.32400000000000001        4.8000000417232513E-002
  0.32500000000000001        3.4000001847743988E-002
  0.32600000000000001        4.8000000417232513E-002
  0.32700000000000001        3.7999998778104782E-002
  0.32800000000000001        4.8000000417232513E-002
  0.32900000000000001        4.6000000089406967E-002
  0.33000000000000002        5.0999999046325684E-002
  0.33100000000000002        4.8000000417232513E-002
  0.33200000000000002        4.1000001132488251E-002
  0.33300000000000002        5.2999999374151230E-002
  0.33400000000000002        5.4999999701976776E-002
  0.33500000000000002        6.8000003695487976E-002
  0.33600000000000002        5.0000000745058060E-002
  0.33700000000000002        5.0999999046325684E-002
  0.33800000000000002        4.6999998390674591E-002
  0.33900000000000002        4.6000000089406967E-002
  0.34000000000000002        4.6000000089406967E-002
  0.34100000000000003        5.2999999374151230E-002
  0.34200000000000003        4.8999998718500137E-002
  0.34300000000000003        5.0999999046325684E-002
  0.34399999999999997        4.6999998390674591E-002
  0.34499999999999997        5.2000001072883606E-002
  0.34599999999999997        4.3999999761581421E-002
  0.34699999999999998        3.4000001847743988E-002
  0.34799999999999998        5.4999999701976776E-002
  0.34899999999999998        5.7999998331069946E-002
  0.34999999999999998        6.7000001668930054E-002
  0.35099999999999998        6.1000000685453415E-002
  0.35199999999999998        6.3000001013278961E-002
  0.35299999999999998        5.9000000357627869E-002
  0.35399999999999998        5.6000001728534698E-002
  0.35499999999999998        5.7999998331069946E-002
  0.35599999999999998        7.5000002980232239E-002
  0.35699999999999998        4.8000000417232513E-002
  0.35799999999999998        5.2000001072883606E-002
  0.35899999999999999        7.5000002980232239E-002
  0.35999999999999999        6.8000003695487976E-002
  0.36099999999999999        7.6999999582767487E-002
  0.36199999999999999        5.9999998658895493E-002
  0.36299999999999999        7.8000001609325409E-002
  0.36399999999999999        5.9999998658895493E-002
  0.36499999999999999        6.1999998986721039E-002
  0.36599999999999999        7.9000003635883331E-002
  0.36699999999999999        7.1999996900558472E-002
  0.36799999999999999        8.6000002920627594E-002
  0.36899999999999999        6.7000001668930054E-002
  0.37000000000000000        9.3000002205371857E-002
  0.37100000000000000        8.6999997496604919E-002
  0.37200000000000000       0.10000000149011612     
  0.37300000000000000        7.2999998927116394E-002
  0.37400000000000000        8.5000000894069672E-002
  0.37500000000000000        8.6000002920627594E-002
  0.37600000000000000        8.6000002920627594E-002
  0.37700000000000000        7.6999999582767487E-002
  0.37800000000000000       0.10100000351667404     
  0.37900000000000000       0.10599999874830246     
  0.38000000000000000        7.5999997556209564E-002
  0.38100000000000001        8.7999999523162842E-002
  0.38200000000000001        9.7000002861022949E-002
  0.38300000000000001        8.2000002264976501E-002
  0.38400000000000001        8.7999999523162842E-002
  0.38500000000000001       0.10400000214576721     
  0.38600000000000001        9.8999999463558197E-002
  0.38700000000000001        9.3999996781349182E-002
  0.38800000000000001        9.7000002861022949E-002
  0.38900000000000001        9.7000002861022949E-002
  0.39000000000000001        9.0000003576278687E-002
  0.39100000000000001        9.4999998807907104E-002
  0.39200000000000002       0.10000000149011612     
  0.39300000000000002       0.10400000214576721     
  0.39400000000000002       0.10899999737739563     
  0.39500000000000002       0.11299999803304672     
  0.39600000000000002       0.12800000607967377     
  0.39700000000000002       0.10199999809265137     
  0.39800000000000002       0.12300000339746475     
  0.39900000000000002       0.11599999666213989     
  0.40000000000000002       0.11500000208616257     
  0.40100000000000002       0.11299999803304672     
  0.40200000000000002       0.10000000149011612     
  0.40300000000000002       0.13099999725818634     
  0.40400000000000003       0.11900000274181366     
  0.40500000000000003       0.11699999868869781     
  0.40600000000000003       0.11800000071525574     
  0.40699999999999997       0.11400000005960464     
  0.40799999999999997       0.11699999868869781     
  0.40899999999999997       0.11999999731779099     
  0.40999999999999998       0.13500000536441803     
  0.41099999999999998       0.11599999666213989     
  0.41199999999999998       0.11699999868869781     
  0.41299999999999998       0.11599999666213989     
  0.41399999999999998       0.13199999928474426     
  0.41499999999999998       0.12899999320507050     
  0.41599999999999998       0.12899999320507050     
  0.41699999999999998       0.12099999934434891     
  0.41799999999999998       0.13400000333786011     
  0.41899999999999998       0.15500000119209290     
  0.41999999999999998       0.12999999523162842     
  0.42099999999999999       0.14599999785423279     
  0.42199999999999999       0.14300000667572021     
  0.42299999999999999       0.16200000047683716     
  0.42399999999999999       0.16799999773502350     
  0.42499999999999999       0.16799999773502350     
  0.42599999999999999       0.13199999928474426     
  0.42699999999999999       0.15999999642372131     
  0.42799999999999999       0.14000000059604645     
  0.42899999999999999       0.15899999439716339     
  0.42999999999999999       0.15899999439716339     
  0.43099999999999999       0.15099999308586121     
  0.43200000000000000       0.15600000321865082     
  0.43300000000000000       0.15199999511241913     
  0.43400000000000000       0.18400000035762787     
  0.43500000000000000       0.14900000393390656     
  0.43600000000000000       0.16099999845027924     
  0.43700000000000000       0.17599999904632568     
  0.43800000000000000       0.18199999630451202     
  0.43900000000000000       0.15800000727176666     
  0.44000000000000000       0.18299999833106995     
  0.44100000000000000       0.17599999904632568     
  0.44200000000000000       0.18199999630451202     
  0.44300000000000000       0.18199999630451202     
  0.44400000000000001       0.19599999487400055     
  0.44500000000000001       0.20800000429153442     
  0.44600000000000001       0.20100000500679016     
  0.44700000000000001       0.17299999296665192     
  0.44800000000000001       0.19099999964237213     
  0.44900000000000001       0.20900000631809235     
  0.45000000000000001       0.17700000107288361     
  0.45100000000000001       0.19200000166893005     
  0.45200000000000001       0.20800000429153442     
  0.45300000000000001       0.20900000631809235     
  0.45400000000000001       0.19099999964237213     
  0.45500000000000002       0.20299999415874481     
  0.45600000000000002       0.23199999332427979     
  0.45700000000000002       0.21299999952316284     
  0.45800000000000002       0.19200000166893005     
  0.45900000000000002       0.21299999952316284     
  0.46000000000000002       0.24400000274181366     
  0.46100000000000002       0.19699999690055847     
  0.46200000000000002       0.20600000023841858     
  0.46300000000000002       0.21500000357627869     
  0.46400000000000002       0.25299999117851257     
  0.46500000000000002       0.22800000011920929     
  0.46600000000000003       0.24600000679492950     
  0.46700000000000003       0.19900000095367432     
  0.46800000000000003       0.22499999403953552     
  0.46899999999999997       0.21400000154972076     
  0.46999999999999997       0.21099999547004700     
  0.47099999999999997       0.22200000286102295     
  0.47199999999999998       0.25499999523162842     
  0.47299999999999998       0.24400000274181366     
  0.47399999999999998       0.22300000488758087     
  0.47499999999999998       0.23999999463558197     
  0.47599999999999998       0.28000000119209290     
  0.47699999999999998       0.25400000810623169     
  0.47799999999999998       0.24099999666213989     
  0.47899999999999998       0.24799999594688416     
  0.47999999999999998       0.25400000810623169     
  0.48099999999999998       0.26399999856948853     
  0.48199999999999998       0.25600001215934753     
  0.48299999999999998       0.26199999451637268     
  0.48399999999999999       0.23600000143051147     
  0.48499999999999999       0.24099999666213989     
  0.48599999999999999       0.27700001001358032     
  0.48699999999999999       0.28700000047683716     
  0.48799999999999999       0.25400000810623169     
  0.48899999999999999       0.28900000452995300     
  0.48999999999999999       0.27599999308586121     
  0.49099999999999999       0.26699998974800110     
  0.49199999999999999       0.31099998950958252     
  0.49299999999999999       0.28000000119209290     
  0.49399999999999999       0.27799999713897705     
  0.49500000000000000       0.26399999856948853     
  0.49600000000000000       0.27200001478195190     
  0.49700000000000000       0.28200000524520874     
  0.49800000000000000       0.27700001001358032     
  0.49900000000000000       0.31700000166893005     
  0.50000000000000000       0.31600001454353333     
  0.50100000000000000       0.29699999094009399     
  0.50200000000000000       0.30799999833106995     
  0.50300000000000000       0.28700000047683716     
  0.50400000000000000       0.30000001192092896     
  0.50500000000000000       0.31900000572204590     
  0.50600000000000001       0.30500000715255737     
  0.50700000000000001       0.31700000166893005     
  0.50800000000000001       0.31600001454353333     
  0.50900000000000001       0.36599999666213989     
  0.51000000000000001       0.32800000905990601     
  0.51100000000000001       0.31799998879432678     
  0.51200000000000001       0.33599999547004700     
  0.51300000000000001       0.33899998664855957     
  0.51400000000000001       0.34599998593330383     
  0.51500000000000001       0.35899999737739563     
  0.51600000000000001       0.35299998521804810     
  0.51700000000000002       0.31099998950958252     
  0.51800000000000002       0.36800000071525574     
  0.51900000000000002       0.33500000834465027     
  0.52000000000000002       0.33899998664855957     
  0.52100000000000002       0.35800001025199890     
  0.52200000000000002       0.36500000953674316     
  0.52300000000000002       0.36300000548362732     
  0.52400000000000002       0.33000001311302185     
  0.52500000000000002       0.37799999117851257     
  0.52600000000000002       0.35299998521804810     
  0.52700000000000002       0.35800001025199890     
  0.52800000000000002       0.34900000691413879     
  0.52900000000000003       0.38600000739097595     
  0.53000000000000003       0.35899999737739563     
  0.53100000000000003       0.36500000953674316     
  0.53200000000000003       0.35699999332427979     
  0.53300000000000003       0.40099999308586121     
  0.53400000000000003       0.39599999785423279     
  0.53500000000000003       0.40000000596046448     
  0.53600000000000003       0.39300000667572021     
  0.53700000000000003       0.36599999666213989     
  0.53800000000000003       0.41200000047683716     
  0.53900000000000003       0.41999998688697815     
  0.54000000000000004       0.39599999785423279     
  0.54100000000000004       0.38899999856948853     
  0.54200000000000004       0.40400001406669617     
  0.54300000000000004       0.43099999427795410     
  0.54400000000000004       0.42800000309944153     
  0.54500000000000004       0.41200000047683716     
  0.54600000000000004       0.42500001192092896     
  0.54700000000000004       0.40099999308586121     
  0.54800000000000004       0.40599998831748962     
  0.54900000000000004       0.45399999618530273     
  0.55000000000000004       0.40299999713897705     
  0.55100000000000005       0.44699999690055847     
  0.55200000000000005       0.43299999833106995     
  0.55300000000000005       0.45500001311302185     
  0.55400000000000005       0.44900000095367432     
  0.55500000000000005       0.43000000715255737     
  0.55600000000000005       0.47099998593330383     
  0.55700000000000005       0.46000000834465027     
  0.55800000000000005       0.46200001239776611     
  0.55900000000000005       0.43399998545646667     
  0.56000000000000005       0.47400000691413879     
  0.56100000000000005       0.44299998879432678     
  0.56200000000000006       0.45800000429153442     
  0.56299999999999994       0.46399998664855957     
  0.56399999999999995       0.47400000691413879     
  0.56499999999999995       0.48100000619888306     
  0.56599999999999995       0.47200000286102295     
  0.56699999999999995       0.43000000715255737     
  0.56799999999999995       0.45699998736381531     
  0.56899999999999995       0.50199997425079346     
  0.56999999999999995       0.48399999737739563     
  0.57099999999999995       0.48699998855590820     
  0.57199999999999995       0.49200001358985901     
  0.57299999999999995       0.49700000882148743     
  0.57399999999999995       0.50199997425079346     
  0.57499999999999996       0.50000000000000000     
  0.57599999999999996       0.52300000190734863     
  0.57699999999999996       0.50900000333786011     
  0.57799999999999996       0.50499999523162842     
  0.57899999999999996       0.50099998712539673     
  0.57999999999999996       0.50400000810623169     
  0.58099999999999996       0.50300002098083496     
  0.58199999999999996       0.53299999237060547     
  0.58299999999999996       0.52499997615814209     
  0.58399999999999996       0.49200001358985901     
  0.58499999999999996       0.51700001955032349     
  0.58599999999999997       0.53399997949600220     
  0.58699999999999997       0.52300000190734863     
  0.58799999999999997       0.53600001335144043     
  0.58899999999999997       0.52999997138977051     
  0.58999999999999997       0.53799998760223389     
  0.59099999999999997       0.52799999713897705     
  0.59199999999999997       0.53200000524520874     
  0.59299999999999997       0.56699997186660767     
  0.59399999999999997       0.52600002288818359     
  0.59499999999999997       0.56000000238418579     
  0.59599999999999997       0.54100000858306885     
  0.59699999999999998       0.56599998474121094     
  0.59799999999999998       0.54400002956390381     
  0.59899999999999998       0.58399999141693115     
  0.59999999999999998       0.57999998331069946     
  0.60099999999999998       0.58899998664855957     
  0.60199999999999998       0.57700002193450928     
  0.60299999999999998       0.59299999475479126     
  0.60399999999999998       0.58300000429153442     
  0.60499999999999998       0.58700001239776611     
  0.60599999999999998       0.61000001430511475     
  0.60699999999999998       0.59399998188018799     
  0.60799999999999998       0.57700002193450928     
  0.60899999999999999       0.57499998807907104     
  0.60999999999999999       0.60799998044967651     
  0.61099999999999999       0.57999998331069946     
  0.61199999999999999       0.62199997901916504     
  0.61299999999999999       0.58399999141693115     
  0.61399999999999999       0.61100000143051147     
  0.61499999999999999       0.62300002574920654     
  0.61599999999999999       0.61500000953674316     
  0.61699999999999999       0.63899999856948853     
  0.61799999999999999       0.60100001096725464     
  0.61899999999999999       0.61199998855590820     
  0.62000000000000000       0.63800001144409180     
  0.62100000000000000       0.62599998712539673     
  0.62200000000000000       0.63400000333786011     
  0.62300000000000000       0.65499997138977051     
  0.62400000000000000       0.64099997282028198     
  0.62500000000000000       0.64300000667572021     
  0.62600000000000000       0.62099999189376831     
  0.62700000000000000       0.62999999523162842     
  0.62800000000000000       0.62199997901916504     
  0.62900000000000000       0.63499999046325684     
  0.63000000000000000       0.66500002145767212     
  0.63100000000000001       0.63599997758865356     
  0.63200000000000001       0.66200000047683716     
  0.63300000000000001       0.67000001668930054     
  0.63400000000000001       0.67000001668930054     
  0.63500000000000001       0.65299999713897705     
  0.63600000000000001       0.66100001335144043     
  0.63700000000000001       0.65899997949600220     
  0.63800000000000001       0.68099999427795410     
  0.63900000000000001       0.70099997520446777     
  0.64000000000000001       0.67000001668930054     
  0.64100000000000001       0.69099998474121094     
  0.64200000000000002       0.69599997997283936     
  0.64300000000000002       0.68400001525878906     
  0.64400000000000002       0.68400001525878906     
  0.64500000000000002       0.68000000715255737     
  0.64600000000000002       0.70200002193450928     
  0.64700000000000002       0.69999998807907104     
  0.64800000000000002       0.71399998664855957     
  0.64900000000000002       0.71399998664855957     
  0.65000000000000002       0.71299999952316284     
  0.65100000000000002       0.70499998331069946     
  0.65200000000000002       0.70599997043609619     
  0.65300000000000002       0.71799999475479126     
  0.65400000000000003       0.69900000095367432     
  0.65500000000000003       0.70700001716613770     
  0.65600000000000003       0.72699999809265137     
  0.65700000000000003       0.74599999189376831     
  0.65800000000000003       0.71899998188018799     
  0.65900000000000003       0.73699998855590820     
  0.66000000000000003       0.72000002861022949     
  0.66100000000000003       0.73000001907348633     
  0.66200000000000003       0.72299998998641968     
  0.66300000000000003       0.74199998378753662     
  0.66400000000000003       0.75400000810623169     
  0.66500000000000004       0.75700002908706665     
  0.66600000000000004       0.70099997520446777     
  0.66700000000000004       0.74400001764297485     
  0.66800000000000004       0.78200000524520874     
  0.66900000000000004       0.74599999189376831     
  0.67000000000000004       0.74199998378753662     
  0.67100000000000004       0.75999999046325684     
  0.67200000000000004       0.75000000000000000     
  0.67300000000000004       0.73600000143051147     
  0.67400000000000004       0.76700001955032349     
  0.67500000000000004       0.77399998903274536     
  0.67600000000000005       0.73799997568130493     
  0.67700000000000005       0.76700001955032349     
  0.67800000000000005       0.80599999427795410     
  0.67900000000000005       0.79699999094009399     
  0.68000000000000005       0.79000002145767212     
  0.68100000000000005       0.78100001811981201     
  0.68200000000000005       0.78299999237060547     
  0.68300000000000005       0.79400002956390381     
  0.68400000000000005       0.78299999237060547     
  0.68500000000000005       0.79799997806549072     
  0.68600000000000005       0.80000001192092896     
  0.68700000000000006       0.80099999904632568     
  0.68799999999999994       0.79500001668930054     
  0.68899999999999995       0.80299997329711914     
  0.68999999999999995       0.80699998140335083     
  0.69099999999999995       0.81300002336502075     
  0.69199999999999995       0.80900001525878906     
  0.69299999999999995       0.82899999618530273     
  0.69399999999999995       0.82800000905990601     
  0.69499999999999995       0.78799998760223389     
  0.69599999999999995       0.80400002002716064     
  0.69699999999999995       0.81099998950958252     
  0.69799999999999995       0.81499999761581421     
  0.69899999999999995       0.81900000572204590     
  0.69999999999999996       0.81699997186660767     
  0.70099999999999996       0.81300002336502075     
  0.70199999999999996       0.80500000715255737     
  0.70299999999999996       0.81699997186660767     
  0.70399999999999996       0.81499999761581421     
  0.70499999999999996       0.83399999141693115     
  0.70599999999999996       0.83899998664855957     
  0.70699999999999996       0.83099997043609619     
  0.70799999999999996       0.83099997043609619     
  0.70899999999999996       0.83899998664855957     
  0.70999999999999996       0.84600001573562622     
  0.71099999999999997       0.85600000619888306     
  0.71199999999999997       0.85399997234344482     
  0.71299999999999997       0.83200001716613770     
  0.71399999999999997       0.85299998521804810     
  0.71499999999999997       0.84600001573562622     
  0.71599999999999997       0.86100000143051147     
  0.71699999999999997       0.85399997234344482     
  0.71799999999999997       0.84399998188018799     
  0.71899999999999997       0.84500002861022949     
  0.71999999999999997       0.84500002861022949     
  0.72099999999999997       0.87000000476837158     
  0.72199999999999998       0.85799998044967651     
  0.72299999999999998       0.86599999666213989     
  0.72399999999999998       0.88400000333786011     
  0.72499999999999998       0.88099998235702515     
  0.72599999999999998       0.86599999666213989     
  0.72699999999999998       0.86299997568130493     
  0.72799999999999998       0.86599999666213989     
  0.72899999999999998       0.87099999189376831     
  0.72999999999999998       0.87699997425079346     
  0.73099999999999998       0.87500000000000000     
  0.73199999999999998       0.87699997425079346     
  0.73299999999999998       0.85900002717971802     
  0.73399999999999999       0.89300000667572021     
  0.73499999999999999       0.90100002288818359     
  0.73599999999999999       0.91100001335144043     
  0.73699999999999999       0.88899999856948853     
  0.73799999999999999       0.89899998903274536     
  0.73899999999999999       0.90499997138977051     
  0.73999999999999999       0.89499998092651367     
  0.74099999999999999       0.87999999523162842     
  0.74199999999999999       0.87999999523162842     
  0.74299999999999999       0.89999997615814209     
  0.74399999999999999       0.89999997615814209     
  0.74500000000000000       0.89899998903274536     
  0.74600000000000000       0.92299997806549072     
  0.74700000000000000       0.88200002908706665     
  0.74800000000000000       0.90100002288818359     
  0.74900000000000000       0.91000002622604370     
  0.75000000000000000       0.89099997282028198     
  0.75100000000000000       0.89999997615814209     
  0.75200000000000000       0.91699999570846558     
  0.75300000000000000       0.92500001192092896     
  0.75400000000000000       0.91900002956390381     
  0.75500000000000000       0.90499997138977051     
  0.75600000000000001       0.90200001001358032     
  0.75700000000000001       0.92199999094009399     
  0.75800000000000001       0.92699998617172241     
  0.75900000000000001       0.91399997472763062     
  0.76000000000000001       0.92199999094009399     
  0.76100000000000001       0.91600000858306885     
  0.76200000000000001       0.91799998283386230     
  0.76300000000000001       0.92900002002716064     
  0.76400000000000001       0.91799998283386230     
  0.76500000000000001       0.91200000047683716     
  0.76600000000000001       0.93500000238418579     
  0.76700000000000002       0.93599998950958252     
  0.76800000000000002       0.92799997329711914     
  0.76900000000000002       0.92400002479553223     
  0.77000000000000002       0.93900001049041748     
  0.77100000000000002       0.92299997806549072     
  0.77200000000000002       0.92799997329711914     
  0.77300000000000002       0.93099999427795410     
  0.77400000000000002       0.93500000238418579     
  0.77500000000000002       0.92799997329711914     
  0.77600000000000002       0.93000000715255737     
  0.77700000000000002       0.93400001525878906     
  0.77800000000000002       0.95499998331069946     
  0.77900000000000003       0.93599998950958252     
  0.78000000000000003       0.93800002336502075     
  0.78100000000000003       0.94700002670288086     
  0.78200000000000003       0.94199997186660767     
  0.78300000000000003       0.94400000572204590     
  0.78400000000000003       0.94400000572204590     
  0.78500000000000003       0.94599997997283936     
  0.78600000000000003       0.94999998807907104     
  0.78700000000000003       0.94499999284744263     
  0.78800000000000003       0.95399999618530273     
  0.78900000000000003       0.95399999618530273     
  0.79000000000000004       0.93900001049041748     
  0.79100000000000004       0.94800001382827759     
  0.79200000000000004       0.94999998807907104     
  0.79300000000000004       0.96499997377395630     
  0.79400000000000004       0.95300000905990601     
  0.79500000000000004       0.95499998331069946     
  0.79600000000000004       0.94700002670288086     
  0.79700000000000004       0.95700001716613770     
  0.79800000000000004       0.96200001239776611     
  0.79900000000000004       0.96200001239776611     
  0.80000000000000004       0.96499997377395630     
  0.80100000000000005       0.95899999141693115     
  0.80200000000000005       0.94700002670288086     
  0.80300000000000005       0.96200001239776611     
  0.80400000000000005       0.95399999618530273     
  0.80500000000000005       0.96799999475479126     
  0.80600000000000005       0.97200000286102295     
  0.80700000000000005       0.96600002050399780     
  0.80800000000000005       0.96299999952316284     
  0.80900000000000005       0.97899997234344482     
  0.81000000000000005       0.96899998188018799     
  0.81100000000000005       0.97200000286102295     
  0.81200000000000006       0.96499997377395630     
  0.81299999999999994       0.97699999809265137     
  0.81399999999999995       0.96499997377395630     
  0.81499999999999995       0.97399997711181641     
  0.81599999999999995       0.96499997377395630     
  0.81699999999999995       0.96899998188018799     
  0.81799999999999995       0.96399998664855957     
  0.81899999999999995       0.98199999332427979     
  0.81999999999999995       0.97399997711181641     
  0.82099999999999995       0.97200000286102295     
  0.82199999999999995       0.97500002384185791     
  0.82299999999999995       0.97399997711181641     
  0.82399999999999995       0.97799998521804810     
  0.82499999999999996       0.98100000619888306     
  0.82599999999999996       0.97600001096725464     
  0.82699999999999996       0.98100000619888306     
  0.82799999999999996       0.98199999332427979     
  0.82899999999999996       0.97600001096725464     
  0.82999999999999996       0.98000001907348633     
  0.83099999999999996       0.97600001096725464     
  0.83199999999999996       0.98199999332427979     
  0.83299999999999996       0.98299998044967651     
  0.83399999999999996       0.98000001907348633     
  0.83499999999999996       0.98199999332427979     
  0.83599999999999997       0.98100000619888306     
  0.83699999999999997       0.97899997234344482     
  0.83799999999999997       0.98799997568130493     
  0.83899999999999997       0.98400002717971802     
  0.83999999999999997       0.98199999332427979     
  0.84099999999999997       0.98199999332427979     
  0.84199999999999997       0.98600000143051147     
  0.84299999999999997       0.98500001430511475     
  0.84399999999999997       0.98900002241134644     
  0.84499999999999997       0.98000001907348633     
  0.84599999999999997       0.99199998378753662     
  0.84699999999999998       0.98900002241134644     
  0.84799999999999998       0.98500001430511475     
  0.84899999999999998       0.98299998044967651     
  0.84999999999999998       0.98799997568130493     
  0.85099999999999998       0.99299997091293335     
  0.85199999999999998       0.98600000143051147     
  0.85299999999999998       0.99000000953674316     
  0.85399999999999998       0.98600000143051147     
  0.85499999999999998       0.98799997568130493     
  0.85599999999999998       0.99000000953674316     
  0.85699999999999998       0.99199998378753662     
  0.85799999999999998       0.99199998378753662     
  0.85899999999999999       0.99099999666213989     
  0.85999999999999999       0.99599999189376831     
  0.86099999999999999       0.98699998855590820     
  0.86199999999999999       0.99400001764297485     
  0.86299999999999999       0.99099999666213989     
  0.86399999999999999       0.98699998855590820     
  0.86499999999999999       0.99299997091293335     
  0.86599999999999999       0.99599999189376831     
  0.86699999999999999       0.99099999666213989     
  0.86799999999999999       0.98600000143051147     
  0.86899999999999999       0.99400001764297485     
  0.87000000000000000       0.99500000476837158     
  0.87100000000000000       0.99599999189376831     
  0.87200000000000000       0.99199998378753662     
  0.87300000000000000       0.99000000953674316     
  0.87400000000000000       0.99900001287460327     
  0.87500000000000000       0.99500000476837158     
  0.87600000000000000       0.99599999189376831     
  0.87700000000000000       0.99500000476837158     
  0.87800000000000000       0.99599999189376831     
  0.87900000000000000       0.99900001287460327     
  0.88000000000000000       0.99299997091293335     
  0.88100000000000001       0.99199998378753662     
  0.88200000000000001       0.99699997901916504     
  0.88300000000000001       0.99900001287460327     
  0.88400000000000001       0.99299997091293335     
  0.88500000000000001       0.99599999189376831     
  0.88600000000000001       0.99699997901916504     
  0.88700000000000001       0.99800002574920654     
  0.88800000000000001       0.99500000476837158     
  0.88900000000000001       0.99699997901916504     
  0.89000000000000001       0.99900001287460327     
  0.89100000000000001       0.99800002574920654     
  0.89200000000000002       0.99900001287460327     
  0.89300000000000002        1.0000000000000000     
  0.89400000000000002       0.99800002574920654     
  0.89500000000000002       0.99599999189376831     
  0.89600000000000002        1.0000000000000000     
  0.89700000000000002       0.99800002574920654     
  0.89800000000000002       0.99699997901916504     
  0.89900000000000002       0.99800002574920654     
  0.90000000000000002        1.0000000000000000     
  0.90100000000000002       0.99900001287460327     
  0.90200000000000002        1.0000000000000000     
  0.90300000000000002       0.99699997901916504     
  0.90400000000000003       0.99800002574920654     
  0.90500000000000003       0.99900001287460327     
  0.90600000000000003        1.0000000000000000     
  0.90700000000000003       0.99500000476837158     
  0.90800000000000003       0.99900001287460327     
  0.90900000000000003       0.99699997901916504     
  0.91000000000000003        1.0000000000000000     
  0.91100000000000003        1.0000000000000000     
  0.91200000000000003        1.0000000000000000     
  0.91300000000000003        1.0000000000000000     
  0.91400000000000003        1.0000000000000000     
  0.91500000000000004       0.99800002574920654     
  0.91600000000000004        1.0000000000000000     
  0.91700000000000004        1.0000000000000000     
  0.91800000000000004        1.0000000000000000     
  0.91900000000000004       0.99800002574920654     
  0.92000000000000004       0.99900001287460327     
  0.92100000000000004        1.0000000000000000     
  0.92200000000000004       0.99900001287460327     
  0.92300000000000004        1.0000000000000000     
  0.92400000000000004       0.99900001287460327     
  0.92500000000000004        1.0000000000000000     
  0.92600000000000005        1.0000000000000000     
  0.92700000000000005        1.0000000000000000     
  0.92800000000000005        1.0000000000000000     
  0.92900000000000005        1.0000000000000000     
  0.93000000000000005        1.0000000000000000     
  0.93100000000000005        1.0000000000000000     
  0.93200000000000005        1.0000000000000000     
  0.93300000000000005        1.0000000000000000     
  0.93400000000000005        1.0000000000000000     
  0.93500000000000005        1.0000000000000000     
  0.93600000000000005        1.0000000000000000     
  0.93700000000000006        1.0000000000000000     
  0.93799999999999994       0.99900001287460327     
  0.93899999999999995        1.0000000000000000     
  0.93999999999999995        1.0000000000000000     
  0.94099999999999995       0.99900001287460327     
  0.94199999999999995        1.0000000000000000     
  0.94299999999999995        1.0000000000000000     
  0.94399999999999995        1.0000000000000000     
  0.94499999999999995        1.0000000000000000     
  0.94599999999999995        1.0000000000000000     
  0.94699999999999995        1.0000000000000000     
  0.94799999999999995        1.0000000000000000     
  0.94899999999999995        1.0000000000000000     
  0.94999999999999996        1.0000000000000000     
  0.95099999999999996        1.0000000000000000     
  0.95199999999999996        1.0000000000000000     
  0.95299999999999996        1.0000000000000000     
  0.95399999999999996        1.0000000000000000     
  0.95499999999999996        1.0000000000000000     
  0.95599999999999996        1.0000000000000000     
  0.95699999999999996        1.0000000000000000     
  0.95799999999999996        1.0000000000000000     
  0.95899999999999996        1.0000000000000000     
  0.95999999999999996        1.0000000000000000     
  0.96099999999999997        1.0000000000000000     
  0.96199999999999997        1.0000000000000000     
  0.96299999999999997        1.0000000000000000     
  0.96399999999999997        1.0000000000000000     
  0.96499999999999997        1.0000000000000000     
  0.96599999999999997        1.0000000000000000     
  0.96699999999999997        1.0000000000000000     
  0.96799999999999997        1.0000000000000000     
  0.96899999999999997        1.0000000000000000     
  0.96999999999999997        1.0000000000000000     
  0.97099999999999997        1.0000000000000000     
  0.97199999999999998        1.0000000000000000     
  0.97299999999999998        1.0000000000000000     
  0.97399999999999998        1.0000000000000000     
  0.97499999999999998        1.0000000000000000     
  0.97599999999999998        1.0000000000000000     
  0.97699999999999998        1.0000000000000000     
  0.97799999999999998        1.0000000000000000     
  0.97899999999999998        1.0000000000000000     
  0.97999999999999998        1.0000000000000000     
  0.98099999999999998        1.0000000000000000     
  0.98199999999999998        1.0000000000000000     
  0.98299999999999998        1.0000000000000000     
  0.98399999999999999        1.0000000000000000     
  0.98499999999999999        1.0000000000000000     
  0.98599999999999999        1.0000000000000000     
  0.98699999999999999        1.0000000000000000     
  0.98799999999999999        1.0000000000000000     
  0.98899999999999999        1.0000000000000000     
  0.98999999999999999        1.0000000000000000     
  0.99099999999999999        1.0000000000000000     
  0.99199999999999999        1.0000000000000000     
  0.99299999999999999        1.0000000000000000     
  0.99399999999999999        1.0000000000000000     
  0.99500000000000000        1.0000000000000000     
  0.99600000000000000        1.0000000000000000     
  0.99700000000000000        1.0000000000000000     
  0.99800000000000000        1.0000000000000000     
  0.99900000000000000        1.0000000000000000     
   1.0000000000000000        1.0000000000000000     
