  -10.000000000000000       -7.7241303102053771E-004
  -9.9900040000000008       -7.6379733068402929E-004
  -9.9800079999999998       -7.5523276717160282E-004
  -9.9700120000000005       -7.4671922865071931E-004
  -9.9600159999999995       -7.3825660303334750E-004
  -9.9500200000000003       -7.2984477797598301E-004
  -9.9400239999999993       -7.2148364087977631E-004
  -9.9300280000000001       -7.1317307889067426E-004
  -9.9200320000000008       -7.0491297889941880E-004
  -9.9100359999999998       -6.9670322754180562E-004
  -9.9000400000000006       -6.8854371119866226E-004
  -9.8900439999999996       -6.8043431599603440E-004
  -9.8800480000000004       -6.7237492780530849E-004
  -9.8700519999999994       -6.6436543224331404E-004
  -9.8600560000000002       -6.5640571467246605E-004
  -9.8500599999999991       -6.4849566020089441E-004
  -9.8400639999999999       -6.4063515368259884E-004
  -9.8300680000000007       -6.3282407971758652E-004
  -9.8200719999999997       -6.2506232265199021E-004
  -9.8100760000000005       -6.1734976657826929E-004
  -9.8000799999999995       -6.0968629533535244E-004
  -9.7900840000000002       -6.0207179250875819E-004
  -9.7800879999999992       -5.9450614143084139E-004
  -9.7700920000000000       -5.8698922518087612E-004
  -9.7600960000000008       -5.7952092658529897E-004
  -9.7500999999999998       -5.7210112821785895E-004
  -9.7401040000000005       -5.6472971239980205E-004
  -9.7301079999999995       -5.5740656120007283E-004
  -9.7201120000000003       -5.5013155643551391E-004
  -9.7101159999999993       -5.4290457967103695E-004
  -9.7001200000000001       -5.3572551221984003E-004
  -9.6901240000000008       -5.2859423514365147E-004
  -9.6801279999999998       -5.2151062925288860E-004
  -9.6701320000000006       -5.1447457510691945E-004
  -9.6601359999999996       -5.0748595301426680E-004
  -9.6501400000000004       -5.0054464303282112E-004
  -9.6401439999999994       -4.9365052497014786E-004
  -9.6301480000000002       -4.8680347838359961E-004
  -9.6201520000000009       -4.8000338258071408E-004
  -9.6101559999999999       -4.7325011661932339E-004
  -9.6001600000000007       -4.6654355930791041E-004
  -9.5901639999999997       -4.5988358920581252E-004
  -9.5801680000000005       -4.5327008462350105E-004
  -9.5701719999999995       -4.4670292362285918E-004
  -9.5601760000000002       -4.4018198401748478E-004
  -9.5501799999999992       -4.3370714337288960E-004
  -9.5401840000000000       -4.2727827900688813E-004
  -9.5301880000000008       -4.2089526798980896E-004
  -9.5201919999999998       -4.1455798714483817E-004
  -9.5101960000000005       -4.0826631304832230E-004
  -9.5001999999999995       -4.0202012203004433E-004
  -9.4902040000000003       -3.9581929017357446E-004
  -9.4802079999999993       -3.8966369331657922E-004
  -9.4702120000000001       -3.8355320705114762E-004
  -9.4602160000000008       -3.7748770672410982E-004
  -9.4502199999999998       -3.7146706743740180E-004
  -9.4402240000000006       -3.6549116404839641E-004
  -9.4302279999999996       -3.5955987117024192E-004
  -9.4202320000000004       -3.5367306317224585E-004
  -9.4102359999999994       -3.4783061418020684E-004
  -9.4002400000000002       -3.4203239807679590E-004
  -9.3902439999999991       -3.3627828850194024E-004
  -9.3802479999999999       -3.3056815885318971E-004
  -9.3702520000000007       -3.2490188228611201E-004
  -9.3602559999999997       -3.1927933171467196E-004
  -9.3502600000000005       -3.1370037981164989E-004
  -9.3402639999999995       -3.0816489900902877E-004
  -9.3302680000000002       -3.0267276149842533E-004
  -9.3202719999999992       -2.9722383923147890E-004
  -9.3102760000000000       -2.9181800392030988E-004
  -9.3002800000000008       -2.8645512703792713E-004
  -9.2902839999999998       -2.8113507981866959E-004
  -9.2802880000000005       -2.7585773325866544E-004
  -9.2702919999999995       -2.7062295811625451E-004
  -9.2602960000000003       -2.6543062491247472E-004
  -9.2502999999999993       -2.6028060393150148E-004
  -9.2403040000000001       -2.5517276522114493E-004
  -9.2303080000000008       -2.5010697859329580E-004
  -9.2203119999999998       -2.4508311362444118E-004
  -9.2103160000000006       -2.4010103965613157E-004
  -9.2003199999999996       -2.3516062579549641E-004
  -9.1903240000000004       -2.3026174091574482E-004
  -9.1803279999999994       -2.2540425365664973E-004
  -9.1703320000000001       -2.2058803242513272E-004
  -9.1603360000000009       -2.1581294539571775E-004
  -9.1503399999999999       -2.1107886051111735E-004
  -9.1403440000000007       -2.0638564548274485E-004
  -9.1303479999999997       -2.0173316779127599E-004
  -9.1203520000000005       -1.9712129468719861E-004
  -9.1103559999999995       -1.9254989319138728E-004
  -9.1003600000000002       -1.8801883009564692E-004
  -9.0903639999999992       -1.8352797196331816E-004
  -9.0803680000000000       -1.7907718512986628E-004
  -9.0703720000000008       -1.7466633570344055E-004
  -9.0603759999999998       -1.7029528956550295E-004
  -9.0503800000000005       -1.6596391237143828E-004
  -9.0403839999999995       -1.6167206955115113E-004
  -9.0303880000000003       -1.5741962630971324E-004
  -9.0203919999999993       -1.5320644762797223E-004
  -9.0103960000000001       -1.4903239826320484E-004
  -9.0004000000000008       -1.4489734274976987E-004
  -8.9904039999999998       -1.4080114539975021E-004
  -8.9804080000000006       -1.3674367030362867E-004
  -8.9704119999999996       -1.3272478133095105E-004
  -8.9604160000000004       -1.2874434213101544E-004
  -8.9504199999999994       -1.2480221613355236E-004
  -8.9404240000000001       -1.2089826654943059E-004
  -8.9304279999999991       -1.1703235637135128E-004
  -8.9204319999999999       -1.1320434837457613E-004
  -8.9104360000000007       -1.0941410511763487E-004
  -8.9004399999999997       -1.0566148894306676E-004
  -8.8904440000000005       -1.0194636197815474E-004
  -8.8804479999999995       -9.8268586135676279E-005
  -8.8704520000000002       -9.4628023114654806E-005
  -8.8604559999999992       -9.1024534401135283E-005
  -8.8504600000000000       -8.7457981268944789E-005
  -8.8404640000000008       -8.3928224780490933E-005
  -8.8304679999999998       -8.0435125787540579E-005
  -8.8204720000000005       -7.6978544932030022E-005
  -8.8104759999999995       -7.3558342646872440E-005
  -8.8004800000000003       -7.0174379156772164E-005
  -8.7904839999999993       -6.6826514479062407E-005
  -8.7804880000000001       -6.3514608424538807E-005
  -8.7704920000000008       -6.0238520598302817E-005
  -8.7604959999999998       -5.6998110400624432E-005
  -8.7505000000000006       -5.3793237027802677E-005
  -8.7405039999999996       -5.0623759473047012E-005
  -8.7305080000000004       -4.7489536527356918E-005
  -8.7205119999999994       -4.4390426780417430E-005
  -8.7105160000000001       -4.1326288621507415E-005
  -8.7005200000000009       -3.8296980240408511E-005
  -8.6905239999999999       -3.5302359628329241E-005
  -8.6805280000000007       -3.2342284578844881E-005
  -8.6705319999999997       -2.9416612688833649E-005
  -8.6605360000000005       -2.6525201359433597E-005
  -8.6505399999999995       -2.3667907797007605E-005
  -8.6405440000000002       -2.0844589014115123E-005
  -8.6305480000000010       -1.8055101830496085E-005
  -8.6205520000000000       -1.5299302874067396E-005
  -8.6105560000000008       -1.2577048581924181E-005
  -8.6005599999999998       -9.8881952013602341E-006
  -8.5905640000000005       -7.2325987908880836E-006
  -8.5805679999999995       -4.6101152212765014E-006
  -8.5705720000000003       -2.0206001766018215E-006
  -8.5605759999999993        5.3609084470337200E-007
  -8.5505800000000001        3.0601025287733618E-006
  -8.5405839999999991        5.5515797452360588E-006
  -8.5305879999999998        8.0106675461208039E-006
  -8.5205920000000006        1.0437511164757794E-005
  -8.5105959999999996        1.2832256014668173E-005
  -8.5006000000000004        1.5195047688435997E-005
  -8.4906039999999994        1.7526031956580802E-005
  -8.4806080000000001        1.9825354766408424E-005
  -8.4706119999999991        2.2093162240853734E-005
  -8.4606159999999999        2.4329600677313882E-005
  -8.4506200000000007        2.6534816546472063E-005
  -8.4406239999999997        2.8708956491099374E-005
  -8.4306280000000005        3.0852167324856291E-005
  -8.4206319999999995        3.2964596031080676E-005
  -8.4106360000000002        3.5046389761556867E-005
  -8.4006399999999992        3.7097695835280923E-005
  -8.3906440000000000        3.9118661737211740E-005
  -8.3806480000000008        4.1109435117000348E-005
  -8.3706519999999998        4.3070163787734263E-005
  -8.3606560000000005        4.5000995724630972E-005
  -8.3506599999999995        4.6902079063755440E-005
  -8.3406640000000003        4.8773562100698732E-005
  -8.3306679999999993        5.0615593289263166E-005
  -8.3206720000000001        5.2428321240123552E-005
  -8.3106760000000008        5.4211894719476974E-005
  -8.3006799999999998        5.5966462647689038E-005
  -8.2906840000000006        5.7692174097913497E-005
  -8.2806879999999996        5.9389178294714364E-005
  -8.2706920000000004        6.1057624612655240E-005
  -8.2606959999999994        6.2697662574905043E-005
  -8.2507000000000001        6.4309441851795112E-005
  -8.2407040000000009        6.5893112259394720E-005
  -8.2307079999999999        6.7448823758055741E-005
  -8.2207120000000007        6.8976726450947423E-005
  -8.2107159999999997        7.0476970582580568E-005
  -8.2007200000000005        7.1949706537316783E-005
  -8.1907239999999994        7.3395084837865639E-005
  -8.1807280000000002        7.4813256143762332E-005
  -8.1707320000000010        7.6204371249841555E-005
  -8.1607360000000000        7.7568581084689508E-005
  -8.1507400000000008        7.8906036709083222E-005
  -8.1407439999999998        8.0216889314424001E-005
  -8.1307480000000005        8.1501290221143956E-005
  -8.1207519999999995        8.2759390877106762E-005
  -8.1107560000000003        8.3991342855994954E-005
  -8.1007599999999993        8.5197297855677898E-005
  -8.0907640000000001        8.6377407696572753E-005
  -8.0807679999999991        8.7531824319974190E-005
  -8.0707719999999998        8.8660699786396996E-005
  -8.0607760000000006        8.9764186273884395E-005
  -8.0507799999999996        9.0842436076296189E-005
  -8.0407840000000004        9.1895601601607439E-005
  -8.0307879999999994        9.2923835370165096E-005
  -8.0207920000000001        9.3927290012942613E-005
  -8.0107959999999991        9.4906118269788889E-005
  -8.0007999999999999        9.5860472987642197E-005
  -7.9908040000000007        9.6790507118734429E-005
  -7.9808079999999997        9.7696373718798320E-005
  -7.9708120000000005        9.8578225945231075E-005
  -7.9608159999999994        9.9436217055265324E-005
  -7.9508200000000002        1.0027050040410545E-004
  -7.9408240000000001        1.0108122944307179E-004
  -7.9308280000000000        1.0186855771770692E-004
  -7.9208319999999999        1.0263263886587255E-004
  -7.9108359999999998        1.0337362661583900E-004
  -7.9008400000000005        1.0409167478434592E-004
  -7.8908439999999995        1.0478693727466445E-004
  -7.8808480000000003        1.0545956807461442E-004
  -7.8708520000000002        1.0610972125459661E-004
  -7.8608560000000001        1.0673755096559234E-004
  -7.8508599999999999        1.0734321143714419E-004
  -7.8408639999999998        1.0792685697532604E-004
  -7.8308680000000006        1.0848864196069951E-004
  -7.8208719999999996        1.0902872084624167E-004
  -7.8108760000000004        1.0954724815527244E-004
  -7.8008800000000003        1.1004437847934855E-004
  -7.7908840000000001        1.1052026647614678E-004
  -7.7808880000000000        1.1097506686733849E-004
  -7.7708919999999999        1.1140893443643265E-004
  -7.7608960000000007        1.1182202402661345E-004
  -7.7508999999999997        1.1221449053854680E-004
  -7.7409040000000005        1.1258648892818643E-004
  -7.7309079999999994        1.1293817420454725E-004
  -7.7209120000000002        1.1326970142746784E-004
  -7.7109160000000001        1.1358122570535955E-004
  -7.7009200000000000        1.1387290219292567E-004
  -7.6909239999999999        1.1414488608886816E-004
  -7.6809279999999998        1.1439733263358487E-004
  -7.6709320000000005        1.1463039710683180E-004
  -7.6609359999999995        1.1484423482538476E-004
  -7.6509400000000003        1.1503900114066053E-004
  -7.6409440000000002        1.1521485143634769E-004
  -7.6309480000000001        1.1537194112599283E-004
  -7.6209519999999999        1.1551042565058110E-004
  -7.6109559999999998        1.1563046047609562E-004
  -7.6009600000000006        1.1573220109105435E-004
  -7.5909639999999996        1.1581580300404018E-004
  -7.5809680000000004        1.1588142174119516E-004
  -7.5709720000000003        1.1592921284369779E-004
  -7.5609760000000001        1.1595933186523403E-004
  -7.5509800000000000        1.1597193436944250E-004
  -7.5409839999999999        1.1596717592732751E-004
  -7.5309880000000007        1.1594521211467347E-004
  -7.5209919999999997        1.1590619850941579E-004
  -7.5109960000000004        1.1585029068902596E-004
  -7.5009999999999994        1.1577764422782812E-004
  -7.4910040000000002        1.1568841469434635E-004
  -7.4810080000000001        1.1558275764859147E-004
  -7.4710120000000000        1.1546082863935467E-004
  -7.4610159999999999        1.1532278320145956E-004
  -7.4510199999999998        1.1516877685301862E-004
  -7.4410240000000005        1.1499896509263509E-004
  -7.4310279999999995        1.1481350339661572E-004
  -7.4210320000000003        1.1461254721614931E-004
  -7.4110360000000002        1.1439625197445818E-004
  -7.4010400000000001        1.1416477306393910E-004
  -7.3910439999999999        1.1391826584327682E-004
  -7.3810479999999998        1.1365688563454130E-004
  -7.3710520000000006        1.1338078772025741E-004
  -7.3610559999999996        1.1309012734045244E-004
  -7.3510600000000004        1.1278505968969280E-004
  -7.3410640000000003        1.1246573991408504E-004
  -7.3310680000000001        1.1213232310826287E-004
  -7.3210720000000000        1.1178496431234811E-004
  -7.3110759999999999        1.1142381850889926E-004
  -7.3010800000000007        1.1104904061981990E-004
  -7.2910839999999997        1.1066078550325683E-004
  -7.2810880000000004        1.1025920795048509E-004
  -7.2710919999999994        1.0984446268273932E-004
  -7.2610960000000002        1.0941670434806064E-004
  -7.2511000000000001        1.0897608751808782E-004
  -7.2411040000000000        1.0852276668485039E-004
  -7.2311079999999999        1.0805689625751651E-004
  -7.2211119999999998        1.0757863055914314E-004
  -7.2111160000000005        1.0708812382337372E-004
  -7.2011199999999995        1.0658553019113971E-004
  -7.1911240000000003        1.0607100370731489E-004
  -7.1811280000000002        1.0554469831736952E-004
  -7.1711320000000001        1.0500676786397631E-004
  -7.1611359999999999        1.0445736608361423E-004
  -7.1511399999999998        1.0389664660313555E-004
  -7.1411440000000006        1.0332476293630723E-004
  -7.1311479999999996        1.0274186848034019E-004
  -7.1211520000000004        1.0214811651238256E-004
  -7.1111560000000003        1.0154366018599193E-004
  -7.1011600000000001        1.0092865252758923E-004
  -7.0911640000000000        1.0030324643287266E-004
  -7.0811679999999999        9.9667594663228632E-005
  -7.0711720000000007        9.9021849842092856E-005
  -7.0611759999999997        9.8366164451313840E-005
  -7.0511800000000004        9.7700690827461306E-005
  -7.0411839999999994        9.7025581158134380E-005
  -7.0311880000000002        9.6340987478236512E-005
  -7.0211920000000001        9.5647061666212095E-005
  -7.0111960000000000        9.4943955440278830E-005
  -7.0012000000000008        9.4231820354620321E-005
  -6.9912039999999998        9.3510807795554423E-005
  -6.9812080000000005        9.2781068977681671E-005
  -6.9712119999999995        9.2042754939998709E-005
  -6.9612160000000003        9.1296016541998390E-005
  -6.9512200000000002        9.0541004459724906E-005
  -6.9412240000000001        8.9777869181822048E-005
  -6.9312279999999999        8.9006761005541469E-005
  -6.9212319999999998        8.8227830032733566E-005
  -6.9112360000000006        8.7441226165799147E-005
  -6.9012399999999996        8.6647099103631903E-005
  -6.8912440000000004        8.5845598337516037E-005
  -6.8812480000000003        8.5036873147008733E-005
  -6.8712520000000001        8.4221072595791377E-005
  -6.8612560000000000        8.3398345527492946E-005
  -6.8512599999999999        8.2568840561488455E-005
  -6.8412640000000007        8.1732706088665560E-005
  -6.8312679999999997        8.0890090267167662E-005
  -6.8212720000000004        8.0041141018109260E-005
  -6.8112759999999994        7.9186006021256638E-005
  -6.8012800000000002        7.8324832710695175E-005
  -6.7912840000000001        7.7457768270450012E-005
  -6.7812880000000000        7.6584959630092509E-005
  -6.7712920000000008        7.5706553460313437E-005
  -6.7612959999999998        7.4822696168468057E-005
  -6.7513000000000005        7.3933533894094419E-005
  -6.7413039999999995        7.3039212504395079E-005
  -6.7313080000000003        7.2139877589707076E-005
  -6.7213120000000002        7.1235674458922175E-005
  -6.7113160000000001        7.0326748134895658E-005
  -6.7013199999999999        6.9413243349816421E-005
  -6.6913239999999998        6.8495304540550114E-005
  -6.6813280000000006        6.7573075843954569E-005
  -6.6713319999999996        6.6646701092166268E-005
  -6.6613360000000004        6.5716323807853068E-005
  -6.6513400000000003        6.4782087199442292E-005
  -6.6413440000000001        6.3844134156317912E-005
  -6.6313480000000000        6.2902607243988046E-005
  -6.6213519999999999        6.1957648699215401E-005
  -6.6113560000000007        6.1009400425137673E-005
  -6.6013599999999997        6.0058003986332504E-005
  -6.5913640000000004        5.9103600603871290E-005
  -6.5813680000000003        5.8146331150336158E-005
  -6.5713720000000002        5.7186336144802298E-005
  -6.5613760000000001        5.6223755747800048E-005
  -6.5513800000000000        5.5258729756239458E-005
  -6.5413840000000008        5.4291397598301863E-005
  -6.5313879999999997        5.3321898328311193E-005
  -6.5213920000000005        5.2350370621566665E-005
  -6.5113959999999995        5.1376952769141459E-005
  -6.5014000000000003        5.0401782672662650E-005
  -6.4914040000000002        4.9424997839045793E-005
  -6.4814080000000001        4.8446735375214326E-005
  -6.4714119999999999        4.7467131982772460E-005
  -6.4614159999999998        4.6486323952655136E-005
  -6.4514200000000006        4.5504447159748455E-005
  -6.4414239999999996        4.4521637057471787E-005
  -6.4314280000000004        4.3538028672335965E-005
  -6.4214320000000003        4.2553756598463850E-005
  -6.4114360000000001        4.1568954992084509E-005
  -6.4014400000000000        4.0583757565990097E-005
  -6.3914439999999999        3.9598297583969385E-005
  -6.3814480000000007        3.8612707855200455E-005
  -6.3714519999999997        3.7627120728616195E-005
  -6.3614560000000004        3.6641668087239119E-005
  -6.3514600000000003        3.5656481342483591E-005
  -6.3414640000000002        3.4671691428421151E-005
  -6.3314680000000001        3.3687428796023283E-005
  -6.3214720000000000        3.2703823407362993E-005
  -6.3114760000000008        3.1721004729789629E-005
  -6.3014799999999997        3.0739101730069970E-005
  -6.2914840000000005        2.9758242868497295E-005
  -6.2814879999999995        2.8778556092968316E-005
  -6.2714920000000003        2.7800168833027574E-005
  -6.2614960000000002        2.6823207993879871E-005
  -6.2515000000000001        2.5847799950369233E-005
  -6.2415039999999999        2.4874070540929603E-005
  -6.2315079999999998        2.3902145061494808E-005
  -6.2215120000000006        2.2932148259387233E-005
  -6.2115159999999996        2.1964204327164070E-005
  -6.2015200000000004        2.0998436896436249E-005
  -6.1915240000000002        2.0034969031654498E-005
  -6.1815280000000001        1.9073923223862260E-005
  -6.1715320000000000        1.8115421384414783E-005
  -6.1615359999999999        1.7159584838669111E-005
  -6.1515400000000007        1.6206534319637811E-005
  -6.1415439999999997        1.5256389961612136E-005
  -6.1315480000000004        1.4309271293753011E-005
  -6.1215520000000003        1.3365297233648354E-005
  -6.1115560000000002        1.2424586080838095E-005
  -6.1015600000000001        1.1487255510307811E-005
  -6.0915640000000000        1.0553422565949258E-005
  -6.0815680000000008        9.6232036539858930E-006
  -6.0715719999999997        8.6967145363713548E-006
  -6.0615760000000005        7.7740703241511049E-006
  -6.0515799999999995        6.8553854707915723E-006
  -6.0415840000000003        5.9407737654823450E-006
  -6.0315880000000002        5.0303483263967766E-006
  -6.0215920000000001        4.1242215939308741E-006
  -6.0115959999999999        3.2225053239004341E-006
  -6.0015999999999998        2.3253105807136967E-006
  -5.9916039999999997        1.4327477305054686E-006
  -5.9816080000000005        5.4492643424475910E-007
  -5.9716120000000004       -3.3804435919388887E-007
  -5.9616160000000002       -1.2160564199889369E-006
  -5.9516200000000001       -2.0890022443620277E-006
  -5.9416240000000000       -2.9567750616010947E-006
  -5.9316279999999999       -3.8192688411142994E-006
  -5.9216319999999998       -4.6763782995163402E-006
  -5.9116360000000006       -5.5279989077450432E-006
  -5.9016400000000004       -6.3740268982111300E-006
  -5.8916440000000003       -7.2143592719773304E-006
  -5.8816480000000002       -8.0488938059699768E-006
  -5.8716520000000001       -8.8775290602223217E-006
  -5.8616560000000000       -9.7001643851463628E-006
  -5.8516599999999999       -1.0516699928838133E-005
  -5.8416639999999997       -1.1327036644412133E-005
  -5.8316680000000005       -1.2131076297366980E-005
  -5.8216720000000004       -1.2928721472981207E-005
  -5.8116760000000003       -1.3719875583739405E-005
  -5.8016800000000002       -1.4504442876788071E-005
  -5.7916840000000001       -1.5282328441423324E-005
  -5.7816879999999999       -1.6053438216604897E-005
  -5.7716919999999998       -1.6817678998502421E-005
  -5.7616959999999997       -1.7574958448070900E-005
  -5.7517000000000005       -1.8325185098654176E-005
  -5.7417040000000004       -1.9068268363619888E-005
  -5.7317080000000002       -1.9804118544017967E-005
  -5.7217120000000001       -2.0532646836274348E-005
  -5.7117160000000000       -2.1253765339908535E-005
  -5.7017199999999999       -2.1967387065281172E-005
  -5.6917239999999998       -2.2673425941368996E-005
  -5.6817280000000006       -2.3371796823566219E-005
  -5.6717320000000004       -2.4062415501516552E-005
  -5.6617360000000003       -2.4745198706968693E-005
  -5.6517400000000002       -2.5420064121660696E-005
  -5.6417440000000001       -2.6086930385231233E-005
  -5.6317480000000000       -2.6745717103155559E-005
  -5.6217519999999999       -2.7396344854708192E-005
  -5.6117559999999997       -2.8038735200952192E-005
  -5.6017600000000005       -2.8672810692751508E-005
  -5.5917640000000004       -2.9298494878811585E-005
  -5.5817680000000003       -2.9915712313741361E-005
  -5.5717720000000002       -3.0524388566141402E-005
  -5.5617760000000001       -3.1124450226716059E-005
  -5.5517799999999999       -3.1715824916408393E-005
  -5.5417839999999998       -3.2298441294559456E-005
  -5.5317879999999997       -3.2872229067087740E-005
  -5.5217920000000005       -3.3437118994695687E-005
  -5.5117960000000004       -3.3993042901092182E-005
  -5.5018000000000002       -3.4539933681243895E-005
  -5.4918040000000001       -3.5077725309639860E-005
  -5.4818080000000000       -3.5606352848583303E-005
  -5.4718119999999999       -3.6125752456499409E-005
  -5.4618159999999998       -3.6635861396265438E-005
  -5.4518200000000006       -3.7136618043559376E-005
  -5.4418240000000004       -3.7627961895225476E-005
  -5.4318280000000003       -3.8109833577660691E-005
  -5.4218320000000002       -3.8582174855217400E-005
  -5.4118360000000001       -3.9044928638626175E-005
  -5.4018400000000000       -3.9498038993426754E-005
  -5.3918439999999999       -3.9941451148428622E-005
  -5.3818479999999997       -4.0375111504172139E-005
  -5.3718520000000005       -4.0798967641416766E-005
  -5.3618560000000004       -4.1212968329636979E-005
  -5.3518600000000003       -4.1617063535532722E-005
  -5.3418640000000002       -4.2011204431554097E-005
  -5.3318680000000001       -4.2395343404438027E-005
  -5.3218719999999999       -4.2769434063756845E-005
  -5.3118759999999998       -4.3133431250475301E-005
  -5.3018800000000006       -4.3487291045521660E-005
  -5.2918840000000005       -4.3830970778366160E-005
  -5.2818880000000004       -4.4164429035607787E-005
  -5.2718920000000002       -4.4487625669570938E-005
  -5.2618960000000001       -4.4800521806906879E-005
  -5.2519000000000000       -4.5103079857204913E-005
  -5.2419039999999999       -4.5395263521604218E-005
  -5.2319079999999998       -4.5677037801417165E-005
  -5.2219120000000006       -4.5948369006747679E-005
  -5.2119160000000004       -4.6209224765125400E-005
  -5.2019200000000003       -4.6459574030126367E-005
  -5.1919240000000002       -4.6699387090007544E-005
  -5.1819280000000001       -4.6928635576336192E-005
  -5.1719320000000000       -4.7147292472619590E-005
  -5.1619359999999999       -4.7355332122932099E-005
  -5.1519399999999997       -4.7552730240542319E-005
  -5.1419440000000005       -4.7739463916531734E-005
  -5.1319480000000004       -4.7915511628415230E-005
  -5.1219520000000003       -4.8080853248749725E-005
  -5.1119560000000002       -4.8235470053739227E-005
  -5.1019600000000001       -4.8379344731831885E-005
  -5.0919639999999999       -4.8512461392306298E-005
  -5.0819679999999998       -4.8634805573848333E-005
  -5.0719720000000006       -4.8746364253119472E-005
  -5.0619760000000005       -4.8847125853302255E-005
  -5.0519800000000004       -4.8937080252650427E-005
  -5.0419840000000002       -4.9016218793001897E-005
  -5.0319880000000001       -4.9084534288291181E-005
  -5.0219920000000000       -4.9142021033039308E-005
  -5.0119959999999999       -4.9188674810820440E-005
  -5.0019999999999998       -4.9224492902716122E-005
  -4.9920040000000006       -4.9249474095737876E-005
  -4.9820080000000004       -4.9263618691235829E-005
  -4.9720120000000003       -4.9266928513276010E-005
  -4.9620160000000002       -4.9259406916993059E-005
  -4.9520200000000001       -4.9241058796917827E-005
  -4.9420240000000000       -4.9211890595268682E-005
  -4.9320279999999999       -4.9171910310221409E-005
  -4.9220319999999997       -4.9121127504137402E-005
  -4.9120360000000005       -4.9059553311762509E-005
  -4.9020400000000004       -4.8987200448388787E-005
  -4.8920440000000003       -4.8904083217978296E-005
  -4.8820480000000002       -4.8810217521247171E-005
  -4.8720520000000000       -4.8705620863709648E-005
  -4.8620559999999999       -4.8590312363675040E-005
  -4.8520599999999998       -4.8464312760208854E-005
  -4.8420640000000006       -4.8327644421031802E-005
  -4.8320680000000005       -4.8180331350386151E-005
  -4.8220720000000004       -4.8022399196840821E-005
  -4.8120760000000002       -4.7853875261046960E-005
  -4.8020800000000001       -4.7674788503439047E-005
  -4.7920840000000000       -4.7485169551874219E-005
  -4.7820879999999999       -4.7285050709224104E-005
  -4.7720919999999998       -4.7074465960888855E-005
  -4.7620960000000006       -4.6853450982262907E-005
  -4.7521000000000004       -4.6622043146121463E-005
  -4.7421040000000003       -4.6380281529951376E-005
  -4.7321080000000002       -4.6128206923200772E-005
  -4.7221120000000001       -4.5865861834463220E-005
  -4.7121160000000000       -4.5593290498581050E-005
  -4.7021199999999999       -4.5310538883672709E-005
  -4.6921239999999997       -4.5017654698082741E-005
  -4.6821280000000005       -4.4714687397240243E-005
  -4.6721320000000004       -4.4401688190443716E-005
  -4.6621360000000003       -4.4078710047543095E-005
  -4.6521400000000002       -4.3745807705544181E-005
  -4.6421440000000000       -4.3403037675108209E-005
  -4.6321479999999999       -4.3050458246959736E-005
  -4.6221519999999998       -4.2688129498195230E-005
  -4.6121560000000006       -4.2316113298485746E-005
  -4.6021600000000005       -4.1934473316174457E-005
  -4.5921640000000004       -4.1543275024267749E-005
  -4.5821680000000002       -4.1142585706311624E-005
  -4.5721720000000001       -4.0732474462150499E-005
  -4.5621760000000000       -4.0313012213574267E-005
  -4.5521799999999999       -3.9884271709835491E-005
  -4.5421839999999998       -3.9446327533049336E-005
  -4.5321880000000005       -3.8999256103453742E-005
  -4.5221920000000004       -3.8543135684550347E-005
  -4.5121960000000003       -3.8078046388098688E-005
  -4.5022000000000002       -3.7604070178974910E-005
  -4.4922040000000001       -3.7121290879890737E-005
  -4.4822080000000000       -3.6629794175957993E-005
  -4.4722119999999999       -3.6129667619104835E-005
  -4.4622159999999997       -3.5621000632342320E-005
  -4.4522200000000005       -3.5103884513865891E-005
  -4.4422240000000004       -3.4578412440993542E-005
  -4.4322280000000003       -3.4044679473941401E-005
  -4.4222320000000002       -3.3502782559423741E-005
  -4.4122360000000000       -3.2952820534081936E-005
  -4.4022399999999999       -3.2394894127725359E-005
  -4.3922439999999998       -3.1829105966397254E-005
  -4.3822480000000006       -3.1255560575244859E-005
  -4.3722520000000005       -3.0674364381197448E-005
  -4.3622560000000004       -3.0085625715446766E-005
  -4.3522600000000002       -2.9489454815724072E-005
  -4.3422640000000001       -2.8885963828367580E-005
  -4.3322680000000000       -2.8275266810178256E-005
  -4.3222719999999999       -2.7657479730057009E-005
  -4.3122759999999998       -2.7032720470418441E-005
  -4.3022800000000005       -2.6401108828375836E-005
  -4.2922840000000004       -2.5762766516690962E-005
  -4.2822880000000003       -2.5117817164488464E-005
  -4.2722920000000002       -2.4466386317719861E-005
  -4.2622960000000001       -2.3808601439381215E-005
  -4.2523000000000000       -2.3144591909472737E-005
  -4.2423039999999999       -2.2474489024696577E-005
  -4.2323080000000006       -2.1798425997885388E-005
  -4.2223120000000005       -2.1116537957159050E-005
  -4.2123160000000004       -2.0428961944798842E-005
  -4.2023200000000003       -1.9735836915836780E-005
  -4.1923240000000002       -1.9037303736350494E-005
  -4.1823280000000000       -1.8333505181459421E-005
  -4.1723319999999999       -1.7624585933016583E-005
  -4.1623359999999998       -1.6910692576982942E-005
  -4.1523400000000006       -1.6191973600487897E-005
  -4.1423440000000005       -1.5468579388560283E-005
  -4.1323480000000004       -1.4740662220524376E-005
  -4.1223520000000002       -1.4008376266059173E-005
  -4.1123560000000001       -1.3271877580905015E-005
  -4.1023600000000000       -1.2531324102219337E-005
  -4.0923639999999999       -1.1786875643563865E-005
  -4.0823679999999998       -1.1038693889527356E-005
  -4.0723720000000005       -1.0286942389963689E-005
  -4.0623760000000004       -9.5317865538466168E-006
  -4.0523800000000003       -8.7733936427291397E-006
  -4.0423840000000002       -8.0119327637999860E-006
  -4.0323880000000001       -7.2475748625285582E-006
  -4.0223920000000000       -6.4804927148891818E-006
  -4.0123959999999999       -5.7108609191579708E-006
  -4.0024000000000006       -4.9388558872716248E-006
  -3.9924040000000005       -4.1646558357395903E-006
  -3.9824080000000004       -3.3884407761021498E-006
  -3.9724120000000003       -2.6103925049210521E-006
  -3.9624160000000002       -1.8306945932981999E-006
  -3.9524200000000000       -1.0495323759093577E-006
  -3.9424239999999999       -2.6709293954547001E-007
  -3.9324279999999998        5.1643488885182141E-007
  -3.9224320000000006        1.3008605546659699E-006
  -3.9124360000000005        2.0859917886068596E-006
  -3.9024400000000004        2.8716346202449454E-006
  -3.8924440000000002        3.6575933920912611E-006
  -3.8824480000000001        4.4436707742333055E-006
  -3.8724520000000000        5.2296677795373062E-006
  -3.8624559999999999        6.0153837794269264E-006
  -3.8524599999999998        6.8006165202534309E-006
  -3.8424640000000005        7.5851621402648504E-006
  -3.8324680000000004        8.3688151871870015E-006
  -3.8224720000000003        9.1513686364311011E-006
  -3.8124760000000002        9.9326139099331880E-006
  -3.8024800000000001        1.0712340895648036E-005
  -3.7924840000000000        1.1490337967698156E-005
  -3.7824879999999999        1.2266392007199324E-005
  -3.7724920000000006        1.3040288423773308E-005
  -3.7624960000000005        1.3811811177758203E-005
  -3.7525000000000004        1.4580742803132238E-005
  -3.7425040000000003        1.5346864431165156E-005
  -3.7325080000000002        1.6109955814807216E-005
  -3.7225120000000000        1.6869795353834880E-005
  -3.7125159999999999        1.7626160120762295E-005
  -3.7025199999999998        1.8378825887537218E-005
  -3.6925240000000006        1.9127567153031880E-005
  -3.6825280000000005        1.9872157171348421E-005
  -3.6725320000000004        2.0612367980949530E-005
  -3.6625360000000002        2.1347970434630289E-005
  -3.6525400000000001        2.2078734230351412E-005
  -3.6425440000000000        2.2804427942941900E-005
  -3.6325479999999999        2.3524819056694203E-005
  -3.6225519999999998        2.4239673998864491E-005
  -3.6125560000000005        2.4948758174092917E-005
  -3.6025600000000004        2.5651835999767553E-005
  -3.5925640000000003        2.6348670942340192E-005
  -3.5825680000000002        2.7039025554616596E-005
  -3.5725720000000001        2.7722661514038466E-005
  -3.5625760000000000        2.8399339661973749E-005
  -3.5525799999999998        2.9068820044032774E-005
  -3.5425840000000006        2.9730861951428871E-005
  -3.5325880000000005        3.0385223963404976E-005
  -3.5225920000000004        3.1031663990740362E-005
  -3.5125960000000003        3.1669939320357103E-005
  -3.5026000000000002        3.2299806661053333E-005
  -3.4926040000000000        3.2921022190369929E-005
  -3.4826079999999999        3.3533341602622300E-005
  -3.4726119999999998        3.4136520158110323E-005
  -3.4626160000000006        3.4730312733531489E-005
  -3.4526200000000005        3.5314473873613934E-005
  -3.4426240000000004        3.5888757843993946E-005
  -3.4326280000000002        3.6452918685356503E-005
  -3.4226320000000001        3.7006710268863477E-005
  -3.4126360000000000        3.7549886352887085E-005
  -3.4026399999999999        3.8082200641077631E-005
  -3.3926439999999998        3.8603406841781946E-005
  -3.3826480000000005        3.9113258728833466E-005
  -3.3726520000000004        3.9611510203749790E-005
  -3.3626560000000003        4.0097915359343118E-005
  -3.3526600000000002        4.0572228544784603E-005
  -3.3426640000000001        4.1034204432133304E-005
  -3.3326680000000000        4.1483598084360590E-005
  -3.3226719999999998        4.1920165024896978E-005
  -3.3126760000000006        4.2343661308715753E-005
  -3.3026800000000005        4.2753843594994446E-005
  -3.2926840000000004        4.3150469221365001E-005
  -3.2826880000000003        4.3533296279785155E-005
  -3.2726920000000002        4.3902083694059388E-005
  -3.2626960000000000        4.4256591299032901E-005
  -3.2526999999999999        4.4596579921479413E-005
  -3.2427039999999998        4.4921811462726880E-005
  -3.2327080000000006        4.5232048983026575E-005
  -3.2227120000000005        4.5527056787712858E-005
  -3.2127160000000003        4.5806600515168552E-005
  -3.2027200000000002        4.6070447226627975E-005
  -3.1927240000000001        4.6318365497850890E-005
  -3.1827280000000000        4.6550125512689299E-005
  -3.1727319999999999        4.6765499158577207E-005
  -3.1627360000000007        4.6964260123979370E-005
  -3.1527400000000005        4.7146183997821576E-005
  -3.1427440000000004        4.7311048370929768E-005
  -3.1327480000000003        4.7458632939525151E-005
  -3.1227520000000002        4.7588719610778530E-005
  -3.1127560000000001        4.7701092610481041E-005
  -3.1027600000000000        4.7795538592847512E-005
  -3.0927639999999998        4.7871846752485216E-005
  -3.0827680000000006        4.7929808938559565E-005
  -3.0727720000000005        4.7969219771200683E-005
  -3.0627760000000004        4.7989876760152683E-005
  -3.0527800000000003        4.7991580425738297E-005
  -3.0427840000000002        4.7974134422132617E-005
  -3.0327880000000000        4.7937345663004715E-005
  -3.0227919999999999        4.7881024449547670E-005
  -3.0127959999999998        4.7804984600928815E-005
  -3.0028000000000006        4.7709043587206930E-005
  -2.9928040000000005        4.7593022664723712E-005
  -2.9828080000000003        4.7456747014031498E-005
  -2.9728120000000002        4.7300045880366947E-005
  -2.9628160000000001        4.7122752716720375E-005
  -2.9528200000000000        4.6924705329524197E-005
  -2.9428239999999999        4.6705746026991025E-005
  -2.9328280000000007        4.6465721770154328E-005
  -2.9228320000000005        4.6204484326614736E-005
  -2.9128360000000004        4.5921890427053030E-005
  -2.9028400000000003        4.5617801924525306E-005
  -2.8928440000000002        4.5292085956580503E-005
  -2.8828480000000001        4.4944615110232947E-005
  -2.8728520000000000        4.4575267589819402E-005
  -2.8628559999999998        4.4183927387778794E-005
  -2.8528600000000006        4.3770484458376982E-005
  -2.8428640000000005        4.3334834894424119E-005
  -2.8328680000000004        4.2876881106998351E-005
  -2.8228720000000003        4.2396532008221357E-005
  -2.8128760000000002        4.1893703197111374E-005
  -2.8028800000000000        4.1368317148538870E-005
  -2.7928839999999999        4.0820303405330013E-005
  -2.7828879999999998        4.0249598773527133E-005
  -2.7728920000000006        3.9656147520854867E-005
  -2.7628960000000005        3.9039901578402325E-005
  -2.7529000000000003        3.8400820745570423E-005
  -2.7429040000000002        3.7738872898282271E-005
  -2.7329080000000001        3.7054034200514533E-005
  -2.7229120000000000        3.6346289319145668E-005
  -2.7129159999999999        3.5615631642171649E-005
  -2.7029200000000007        3.4862063500288347E-005
  -2.6929240000000005        3.4085596391879332E-005
  -2.6829280000000004        3.3286251211422222E-005
  -2.6729320000000003        3.2464058481337014E-005
  -2.6629360000000002        3.1619058587288765E-005
  -2.6529400000000001        3.0751302016966053E-005
  -2.6429440000000000        2.9860849602350514E-005
  -2.6329479999999998        2.8947772765486352E-005
  -2.6229520000000006        2.8012153767766473E-005
  -2.6129560000000005        2.7054085962739669E-005
  -2.6029600000000004        2.6073674052450790E-005
  -2.5929640000000003        2.5071034347317733E-005
  -2.5829680000000002        2.4046295029545614E-005
  -2.5729720000000000        2.2999596420083000E-005
  -2.5629759999999999        2.1931091249116557E-005
  -2.5529799999999998        2.0840944930095511E-005
  -2.5429840000000006        1.9729335837284699E-005
  -2.5329880000000005        1.8596455586831454E-005
  -2.5229920000000003        1.7442509321331207E-005
  -2.5129960000000002        1.6267715997878153E-005
  -2.5030000000000001        1.5072308679575936E-005
  -2.4930040000000000        1.3856534830482975E-005
  -2.4830079999999999        1.2620656613969049E-005
  -2.4730120000000007        1.1364951194442433E-005
  -2.4630160000000005        1.0089711042409401E-005
  -2.4530200000000004        8.7952442428344226E-006
  -2.4430240000000003        7.4818748067346018E-006
  -2.4330280000000002        6.1499429859729187E-006
  -2.4230320000000001        4.7998055911778412E-006
  -2.4130360000000000        3.4318363127325246E-006
  -2.4030399999999998        2.0464260447588632E-006
  -2.3930440000000006        6.4398321201719115E-007
  -2.3830480000000005       -7.7506590035719122E-007
  -2.3730520000000004       -2.2102768143809749E-006
  -2.3630560000000003       -3.6611865241077142E-006
  -2.3530600000000002       -5.1273131579788916E-006
  -2.3430640000000000       -6.6081556387596267E-006
  -2.3330679999999999       -8.1031933411835140E-006
  -2.3230719999999998       -9.6118857474411757E-006
  -2.3130760000000006       -1.1133672100655170E-005
  -2.3030800000000005       -1.2667971056505441E-005
  -2.2930840000000003       -1.4214180333154323E-005
  -2.2830880000000002       -1.5771676359668314E-005
  -2.2730920000000001       -1.7339813923110901E-005
  -2.2630960000000000       -1.8917925814517831E-005
  -2.2530999999999999       -2.0505322473965436E-005
  -2.2431040000000007       -2.2101291634964012E-005
  -2.2331080000000005       -2.3705097968421730E-005
  -2.2231120000000004       -2.5315982726431871E-005
  -2.2131160000000003       -2.6933163386171520E-005
  -2.2031200000000002       -2.8555833294192627E-005
  -2.1931240000000001       -3.0183161311421976E-005
  -2.1831280000000000       -3.1814291459199919E-005
  -2.1731319999999998       -3.3448342566704965E-005
  -2.1631360000000006       -3.5084407920131685E-005
  -2.1531400000000005       -3.6721554914024436E-005
  -2.1431440000000004       -3.8358824705160507E-005
  -2.1331480000000003       -3.9995231869444075E-005
  -2.1231520000000002       -4.1629764062256590E-005
  -2.1131560000000000       -4.3261381682755617E-005
  -2.1031599999999999       -4.4889017542650834E-005
  -2.0931640000000007       -4.6511576539981157E-005
  -2.0831680000000006       -4.8127935338491231E-005
  -2.0731720000000005       -4.9736942053194079E-005
  -2.0631760000000003       -5.1337415942776912E-005
  -2.0531800000000002       -5.2928147109514280E-005
  -2.0431840000000001       -5.4507896207411903E-005
  -2.0331880000000000       -5.6075394159310701E-005
  -2.0231919999999999       -5.7629341883768000E-005
  -2.0131960000000007       -5.9168410032530532E-005
  -2.0032000000000005       -6.0691238739482684E-005
  -1.9932040000000004       -6.2196437381988618E-005
  -1.9832079999999994       -6.3682584355611593E-005
  -1.9732120000000002       -6.5148226863214202E-005
  -1.9632160000000010       -6.6591880719535888E-005
  -1.9532200000000000       -6.8012030172370772E-005
  -1.9432240000000007       -6.9407127741536148E-005
  -1.9332279999999997       -7.0775594076879405E-005
  -1.9232320000000005       -7.2115817836666007E-005
  -1.9132359999999995       -7.3426155587695259E-005
  -1.9032400000000003       -7.4704931728632204E-005
  -1.8932440000000010       -7.5950438438074477E-005
  -1.8832480000000000       -7.7160935648958783E-005
  -1.8732520000000008       -7.8334651051011983E-005
  -1.8632559999999998       -7.9469780123003002E-005
  -1.8532600000000006       -8.0564486196678915E-005
  -1.8432639999999996       -8.1616900554352999E-005
  -1.8332680000000003       -8.2625122562176895E-005
  -1.8232720000000011       -8.3587219841289268E-005
  -1.8132760000000001       -8.4501228479105125E-005
  -1.8032800000000009       -8.5365153283126311E-005
  -1.7932839999999999       -8.6176968079790616E-005
  -1.7832880000000007       -8.6934616060993186E-005
  -1.7732919999999996       -8.7636010181030985E-005
  -1.7632960000000004       -8.8279033606893621E-005
  -1.7532999999999994       -8.8861540224937309E-005
  -1.7433040000000002       -8.9381355207133445E-005
  -1.7333080000000010       -8.9836275640278911E-005
  -1.7233120000000000       -9.0224071221667231E-005
  -1.7133160000000007       -9.0542485024930228E-005
  -1.7033199999999997       -9.0789234339958965E-005
  -1.6933240000000005       -9.0962011590943863E-005
  -1.6833279999999995       -9.1058485336850429E-005
  -1.6733320000000003       -9.1076301358806094E-005
  -1.6633360000000010       -9.1013083839134708E-005
  -1.6533400000000000       -9.0866436636952825E-005
  -1.6433440000000008       -9.0633944665572205E-005
  -1.6333479999999998       -9.0313175377127223E-005
  -1.6233520000000006       -8.9901680360161932E-005
  -1.6133559999999996       -8.9396997056185020E-005
  -1.6033600000000003       -8.8796650601495145E-005
  -1.5933640000000011       -8.8098155800889479E-005
  -1.5833680000000001       -8.7299019240206398E-005
  -1.5733720000000009       -8.6396741544972621E-005
  -1.5633759999999999       -8.5388819792812576E-005
  -1.5533800000000006       -8.4272750087643767E-005
  -1.5433839999999996       -8.3046030304060264E-005
  -1.5333880000000004       -8.1706163010763775E-005
  -1.5233919999999994       -8.0250658582288096E-005
  -1.5133960000000002       -7.8677038508760477E-005
  -1.5034000000000010       -7.6982838913901931E-005
  -1.4934040000000000       -7.5165614291977762E-005
  -1.4834080000000007       -7.3222941474932721E-005
  -1.4734119999999997       -7.1152423841504305E-005
  -1.4634160000000005       -6.8951695780700902E-005
  -1.4534199999999995       -6.6618427422596494E-005
  -1.4434240000000003       -6.4150329650094345E-005
  -1.4334280000000010       -6.1545159405930250E-005
  -1.4234320000000000       -5.8800725309913576E-005
  -1.4134360000000008       -5.5914893602138852E-005
  -1.4034399999999998       -5.2885594428664609E-005
  -1.3934440000000006       -4.9710828486975194E-005
  -1.3834479999999996       -4.6388674049366558E-005
  -1.3734520000000003       -4.2917294383343144E-005
  -1.3634560000000011       -3.9294945588949644E-005
  -1.3534600000000001       -3.5519984874043549E-005
  -1.3434640000000009       -3.1590879289444906E-005
  -1.3334679999999999       -2.7506214947038159E-005
  -1.3234720000000006       -2.3264706744968720E-005
  -1.3134759999999996       -1.8865208625275872E-005
  -1.3034800000000004       -1.4306724390544532E-005
  -1.2934839999999994       -9.5884191073883514E-006
  -1.2834880000000002       -4.7096311259763350E-006
  -1.2734920000000010        3.3011525382540966E-007
  -1.2634960000000000        5.5310964376424702E-006
  -1.2535000000000007        1.0893375479527562E-005
  -1.2435039999999997        1.6416787277491734E-005
  -1.2335080000000005        2.2100922984771093E-005
  -1.2235119999999995        2.7945113598282437E-005
  -1.2135160000000003        3.3948412683884875E-005
  -1.2035200000000010        4.0109578196214640E-005
  -1.1935240000000000        4.6427053348871376E-005
  -1.1835280000000008        5.2898946488741462E-005
  -1.1735319999999998        5.9523009926138842E-005
  -1.1635360000000006        6.6296617670222237E-005
  -1.1535399999999996        7.3216742016959837E-005
  -1.1435440000000003        8.0279928934512382E-005
  -1.1335480000000011        8.7482272188572110E-005
  -1.1235520000000001        9.4819386147640015E-005
  -1.1135560000000009        1.0228637720577314E-004
  -1.1035599999999999        1.0987781375766023E-004
  -1.0935640000000006        1.1758769465822715E-004
  -1.0835679999999996        1.2540941609634270E-004
  -1.0735720000000004        1.3333573680930503E-004
  -1.0635759999999994        1.4135874156216631E-004
  -1.0535800000000002        1.4946980281304085E-004
  -1.0435840000000010        1.5765954048280105E-004
  -1.0335880000000000        1.6591777974483296E-004
  -1.0235920000000007        1.7423350674771243E-004
  -1.0135959999999997        1.8259482218114389E-004
  -1.0036000000000005        1.9098889259283266E-004
 -0.99360399999999949        1.9940189936173988E-004
 -0.98360800000000026        2.0781898523080489E-004
 -0.97361200000000103        2.1622419830048800E-004
 -0.96361600000000003        2.2460043338267565E-004
 -0.95362000000000080        2.3292937061344818E-004
 -0.94362399999999980        2.4119141122233846E-004
 -0.93362800000000057        2.4936561035564367E-004
 -0.92363199999999956        2.5742960685183061E-004
 -0.91363600000000034        2.6535954986852024E-004
 -0.90364000000000111        2.7313002226289867E-004
 -0.89364400000000010        2.8071396063101449E-004
 -0.88364800000000088        2.8808257191630598E-004
 -0.87365199999999987        2.9520524650454170E-004
 -0.86365600000000065        3.0204946773065752E-004
 -0.85365999999999964        3.0858071773422321E-004
 -0.84366400000000041        3.1476237961344160E-004
 -0.83366799999999941        3.2055563584459972E-004
 -0.82367200000000018        3.2591936295400781E-004
 -0.81367600000000095        3.3081002245428188E-004
 -0.80367999999999995        3.3518154808634236E-004
 -0.79368400000000072        3.3898522944393795E-004
 -0.78368799999999972        3.4216959209984791E-004
 -0.77369200000000049        3.4468027440287655E-004
 -0.76369599999999949        3.4645990117420657E-004
 -0.75370000000000026        3.4744795460168218E-004
 -0.74370400000000103        3.4758064271310447E-004
 -0.73370800000000003        3.4679076590681017E-004
 -0.72371200000000080        3.4500758213165938E-004
 -0.71371599999999980        3.4215667144269130E-004
 -0.70372000000000057        3.3815980081531395E-004
 -0.69372399999999956        3.3293479028496850E-004
 -0.68372800000000034        3.2639538169442416E-004
 -0.67373200000000111        3.1845111158298502E-004
 -0.66373600000000010        3.0900719004706416E-004
 -0.65374000000000088        2.9796438774714804E-004
 -0.64374399999999987        2.8521893364075938E-004
 -0.63374800000000064        2.7066242649505538E-004
 -0.62375199999999964        2.5418176378821900E-004
 -0.61375600000000041        2.3565909225987513E-004
 -0.60376000000000118        2.1497178513525767E-004
 -0.59376400000000018        1.9199245194485119E-004
 -0.58376800000000095        1.6658898791599311E-004
 -0.57377199999999995        1.3862467115366851E-004
 -0.56377600000000072        1.0795831728880673E-004
 -0.55377999999999972        7.4444502995413340E-005
 -0.54378400000000049        3.7933871812531757E-005
 -0.53378799999999949       -1.7264618881568080E-006
 -0.52379200000000026       -4.4692392099219777E-005
 -0.51379600000000103       -9.1122161471405541E-005
 -0.50380000000000003       -1.4117553662264124E-004
 -0.49380400000000080       -1.9501278760287311E-004
 -0.48380799999999979       -2.5279343495765476E-004
 -0.47381200000000057       -3.1467472102339667E-004
 -0.46381599999999956       -3.8080975393280352E-004
 -0.45382000000000033       -4.5134526301768903E-004
 -0.44382400000000111       -5.2641889251659163E-004
 -0.43382800000000010       -6.0615594628060025E-004
 -0.42383200000000087       -6.9066547897780146E-004
 -0.41383599999999987       -7.8003560843804051E-004
 -0.40384000000000064       -8.7432789839814856E-004
 -0.39384399999999964       -9.7357062992706168E-004
 -0.38384800000000041       -1.0777507418641135E-003
 -0.37385200000000118       -1.1868041739680776E-003
 -0.36385600000000018       -1.3006042889397355E-003
 -0.35386000000000095       -1.4189479782271499E-003
 -0.34386399999999995       -1.5415389679073442E-003
 -0.33386800000000072       -1.6679677302502433E-003
 -0.32387199999999972       -1.7976872676695236E-003
 -0.31387600000000049       -1.9299838606002819E-003
 -0.30387999999999948       -2.0639416488001301E-003
 -0.29388400000000026       -2.1983996325352904E-003
 -0.28388800000000103       -2.3318993172213517E-003
 -0.27389200000000002       -2.4626207568798002E-003
 -0.26389600000000080       -2.5883041436546217E-003
 -0.25389999999999979       -2.7061532951581997E-003
 -0.24390400000000056       -2.8127163429095036E-003
 -0.23390799999999956       -2.9037375317830629E-003
 -0.22391200000000033       -2.9739721724831628E-003
 -0.21391600000000111       -3.0169542612085267E-003
 -0.20392000000000010       -3.0247028246415198E-003
 -0.19392400000000087       -2.9873482708891608E-003
 -0.18392799999999987       -2.8926533430012119E-003
 -0.17393200000000064       -2.7253937972290775E-003
 -0.16393599999999964       -2.4665503046442825E-003
 -0.15394000000000041       -2.0922431744904392E-003
 -0.14394400000000118       -1.5723119196167129E-003
 -0.13394800000000018       -8.6839686683451824E-004
 -0.12395200000000095        6.8689369433523086E-005
 -0.11395599999999995        1.3026227736498480E-003
 -0.10396000000000072        2.9167627491248046E-003
  -9.3963999999999714E-002   5.0216839819622154E-003
  -8.3968000000000487E-002   7.7663738536128228E-003
  -7.3971999999999483E-002   1.1355378027655306E-002
  -6.3976000000000255E-002   1.6075995490368970E-002
  -5.3980000000001027E-002   2.2343294471093508E-002
  -4.3984000000000023E-002   3.0778642627838197E-002
  -3.3988000000000795E-002   4.2355911436195499E-002
  -2.3991999999999791E-002   5.8695763454661015E-002
  -1.3996000000000564E-002   8.2695054912004448E-002
  -3.9999999999995595E-003  0.11887788934586924     
