   0.0000000000000000        1.5613996738473326E-314
   7.0000000000000001E-003   2.4479852000154161E-002
   1.4000000000000000E-002   6.0309511615034214E-002
   2.1000000000000001E-002  0.10068479018790118     
   2.8000000000000001E-002  0.14216113576018233     
   3.5000000000000003E-002  0.18305070770499027     
   4.2000000000000003E-002  0.22256908694013663     
   4.9000000000000002E-002  0.26038785564121930     
   5.6000000000000001E-002  0.29640357034663550     
   6.3000000000000000E-002  0.33062035396274714     
   7.0000000000000007E-002  0.36309123741582028     
   7.6999999999999999E-002  0.39388941418925738     
   8.4000000000000005E-002  0.42309448727315785     
   9.0999999999999998E-002  0.45078610773136013     
   9.8000000000000004E-002  0.47704119282964585     
  0.10500000000000000       0.50193284181142850     
  0.11200000000000000       0.52553003526924569     
  0.11899999999999999       0.54789768177778364     
  0.12600000000000000       0.56909680751941805     
  0.13300000000000001       0.58918479554406000     
  0.14000000000000001       0.60821563341309903     
  0.14699999999999999       0.62624015200094085     
  0.15400000000000000       0.64330624905639422     
  0.16100000000000000       0.65945909586068452     
  0.16800000000000001       0.67474132729071590     
  0.17499999999999999       0.68919321634286979     
  0.18200000000000000       0.70285283439153001     
  0.18900000000000000       0.71575619845813387     
  0.19600000000000001       0.72793740668611862     
  0.20300000000000001       0.73942876311185357     
  0.20999999999999999       0.75026089271470420     
  0.21700000000000000       0.76046284762934413     
  0.22400000000000000       0.77006220531288638     
  0.23100000000000001       0.77908515937854428     
  0.23799999999999999       0.78755660373563530     
  0.24500000000000000       0.79550021061193410     
  0.25200000000000000       0.80293850297767122     
  0.25900000000000001       0.80989292184006112     
  0.26600000000000001       0.81638388883232005     
  0.27300000000000002       0.82243086448105962     
  0.28000000000000003       0.82805240250014434     
  0.28699999999999998       0.83326620042703570     
  0.29399999999999998       0.83808914688892988     
  0.30099999999999999       0.84253736576020166     
  0.30800000000000000       0.84662625744947839     
  0.31500000000000000       0.85037053753380221     
  0.32200000000000001       0.85378427293851411     
  0.32900000000000001       0.85688091584451087     
  0.33600000000000002       0.85967333548917102     
  0.34300000000000003       0.86217384801335284     
  0.34999999999999998       0.86439424449427860     
  0.35699999999999998       0.86634581729269267     
  0.36399999999999999       0.86803938483231780     
  0.37100000000000000       0.86948531492019454     
  0.37800000000000000       0.87069354670790911     
  0.38500000000000001       0.87167361138589450     
  0.39200000000000002       0.87243465169584700     
  0.39900000000000002       0.87298544033979653     
  0.40600000000000003       0.87333439735840834     
  0.41299999999999998       0.87348960654564678     
  0.41999999999999998       0.87345883096194643     
  0.42699999999999999       0.87324952760346386     
  0.43400000000000000       0.87286886128078622     
  0.44100000000000000       0.87232371775662443     
  0.44800000000000001       0.87162071618847847     
  0.45500000000000002       0.87076622091900768     
  0.46200000000000002       0.86976635265384095     
  0.46899999999999997       0.86862699906380314     
  0.47599999999999998       0.86735382484598555     
  0.48299999999999998       0.86595228127574475     
  0.48999999999999999       0.86442761527953627     
  0.49700000000000000       0.86278487805649728     
  0.50400000000000000       0.86102893327482810     
  0.51100000000000001       0.85916446486731191     
  0.51800000000000002       0.85719598444872436     
  0.52500000000000002       0.85512783837640860     
  0.53200000000000003       0.85296421447393167     
  0.53900000000000003       0.85070914843646206     
  0.54600000000000004       0.84836652993534301     
  0.55300000000000005       0.84594010843823342     
  0.56000000000000005       0.84343349876017826     
  0.56699999999999995       0.84085018636001718     
  0.57399999999999995       0.83819353239567063     
  0.58099999999999996       0.83546677855101181     
  0.58799999999999997       0.83267305164627625     
  0.59499999999999997       0.82981536804324130     
  0.60199999999999998       0.82689663785575396     
  0.60899999999999999       0.82391966897554747     
  0.61599999999999999       0.82088717092272634     
  0.62300000000000000       0.81780175852974268     
  0.63000000000000000       0.81466595546718701     
  0.63700000000000001       0.81148219761924223     
  0.64400000000000002       0.80825283631620293     
  0.65100000000000002       0.80498014143104846     
  0.65800000000000003       0.80166630434666708     
  0.66500000000000004       0.79831344079996902     
  0.67200000000000004       0.79492359360877229     
  0.67900000000000005       0.79149873528703774     
  0.68600000000000005       0.78804077055371691     
  0.69299999999999995       0.78455153874019901     
  0.69999999999999996       0.78103281610107556     
  0.70699999999999996       0.77748631803269008     
  0.71399999999999997       0.77391370120370551     
  0.72099999999999997       0.77031656560170303     
  0.72799999999999998       0.76669645649961093     
  0.73499999999999999       0.76305486634557473     
  0.74199999999999999       0.75939323657968649     
  0.74900000000000000       0.75571295938082350     
  0.75600000000000001       0.75201537934667817     
  0.76300000000000001       0.74830179510990669     
  0.77000000000000002       0.74457346089318044     
  0.77700000000000002       0.74083158800578131     
  0.78400000000000003       0.73707734628425803     
  0.79100000000000004       0.73331186547952987     
  0.79800000000000004       0.72953623659271494     
  0.80500000000000005       0.72575151316184705     
  0.81200000000000006       0.72195871250153754     
  0.81899999999999995       0.71815881689755012     
  0.82599999999999996       0.71435277475815062     
  0.83299999999999996       0.71054150172401753     
  0.83999999999999997       0.70672588173840634     
  0.84699999999999998       0.70290676807918784     
  0.85399999999999998       0.69908498435430211     
  0.86099999999999999       0.69526132546210095     
  0.86799999999999999       0.69143655851798236     
  0.87500000000000000       0.68761142374865725     
  0.88200000000000001       0.68378663535533124     
  0.88900000000000001       0.67996288234701918     
  0.89600000000000002       0.67614082934516451     
  0.90300000000000002       0.67232111736067535     
  0.91000000000000003       0.66850436454444873     
  0.91700000000000004       0.66469116691239771     
  0.92400000000000004       0.66088209904595829     
  0.93100000000000005       0.65707771476901056     
  0.93799999999999994       0.65327854780210370     
  0.94499999999999995       0.64948511239484130     
  0.95199999999999996       0.64569790393724258     
  0.95899999999999996       0.64191739955086491     
  0.96599999999999997       0.63814405866043356     
  0.97299999999999998       0.63437832354670209     
  0.97999999999999998       0.63062061988122720     
  0.98699999999999999       0.62687135724371978     
  0.99399999999999999       0.62313092962260519     
   1.0009999999999999       0.61939971589939713     
   1.0080000000000000       0.61567808031746873     
   1.0149999999999999       0.61196637293577794     
   1.0220000000000000       0.60826493006808224     
   1.0289999999999999       0.60457407470815783     
   1.0360000000000000       0.60089411694151507     
   1.0429999999999999       0.59722535434408364     
   1.0500000000000000       0.59356807236832621     
   1.0569999999999999       0.58992254471720995     
   1.0640000000000001       0.58628903370646501     
   1.0710000000000000       0.58266779061552365     
   1.0780000000000001       0.57905905602753749     
   1.0850000000000000       0.57546306015883675     
   1.0920000000000001       0.57188002317819653     
   1.0990000000000000       0.56831015551625230     
   1.1060000000000001       0.56475365816539491     
   1.1130000000000000       0.56121072297046692     
   1.1200000000000001       0.55768153291056477     
   1.1270000000000000       0.55416626237224564     
   1.1339999999999999       0.55066507741441917     
   1.1410000000000000       0.54717813602520149     
   1.1479999999999999       0.54370558837099403     
   1.1550000000000000       0.54024757703804094     
   1.1619999999999999       0.53680423726671123     
   1.1690000000000000       0.53337569717873945     
   1.1759999999999999       0.52996207799765560     
   1.1830000000000001       0.52656349426261784     
   1.1899999999999999       0.52318005403586731     
   1.1970000000000001       0.51981185910399985     
   1.2040000000000000       0.51645900517325893     
   1.2110000000000001       0.51312158205903324     
   1.2180000000000000       0.50979967386974723     
   1.2250000000000001       0.50649335918531457     
   1.2320000000000000       0.50320271123033233     
   1.2390000000000001       0.49992779804217324     
   1.2460000000000000       0.49666868263413949     
   1.2529999999999999       0.49342542315382854     
   1.2600000000000000       0.49019807303685975     
   1.2669999999999999       0.48698668115610583     
   1.2740000000000000       0.48379129196656440     
   1.2809999999999999       0.48061194564600596     
   1.2880000000000000       0.47744867823152415     
   1.2949999999999999       0.47430152175211582     
   1.3020000000000000       0.47117050435740837     
   1.3089999999999999       0.46805565044265329     
   1.3160000000000001       0.46495698077009567     
   1.3230000000000000       0.46187451258683160     
   1.3300000000000001       0.45880825973925410     
   1.3370000000000000       0.45575823278419525     
   1.3440000000000001       0.45272443909685706     
   1.3510000000000000       0.44970688297563055     
   1.3580000000000001       0.44670556574389192     
   1.3650000000000000       0.44372048584886858     
   1.3720000000000001       0.44075163895765712     
   1.3790000000000000       0.43779901805048016     
   1.3859999999999999       0.43486261351126093     
   1.3930000000000000       0.43194241321559512     
   1.3999999999999999       0.42903840261619547     
   1.4070000000000000       0.42615056482588032     
   1.4139999999999999       0.42327888069818220     
   1.4210000000000000       0.42042332890563955     
   1.4279999999999999       0.41758388601584334     
   1.4350000000000001       0.41476052656529910     
   1.4419999999999999       0.41195322313117028     
   1.4490000000000001       0.40916194640096160     
   1.4560000000000000       0.40638666524020267     
   1.4630000000000001       0.40362734675818712     
   1.4700000000000000       0.40088395637182495     
   1.4770000000000001       0.39815645786765952     
   1.4840000000000000       0.39544481346210292     
   1.4910000000000001       0.39274898385993839     
   1.4980000000000000       0.39006892831114159     
   1.5049999999999999       0.38740460466606341     
   1.5120000000000000       0.38475596942902629     
   1.5189999999999999       0.38212297781037396     
   1.5260000000000000       0.37950558377701960     
   1.5329999999999999       0.37690374010153582     
   1.5400000000000000       0.37431739840982425     
   1.5469999999999999       0.37174650922740810     
   1.5540000000000000       0.36919102202438164     
   1.5609999999999999       0.36665088525905942     
   1.5680000000000001       0.36412604642035551     
   1.5750000000000000       0.36161645206893345     
   1.5820000000000001       0.35912204787715624     
   1.5890000000000000       0.35664277866787386     
   1.5960000000000001       0.35417858845207717     
   1.6030000000000000       0.35172942046545130     
   1.6100000000000001       0.34929521720385814     
   1.6170000000000000       0.34687592045777871     
   1.6240000000000001       0.34447147134574124     
   1.6310000000000000       0.34208181034676727     
   1.6379999999999999       0.33970687733185778     
   1.6450000000000000       0.33734661159454976     
   1.6519999999999999       0.33500095188056705     
   1.6590000000000000       0.33266983641658954     
   1.6659999999999999       0.33035320293816728     
   1.6730000000000000       0.32805098871679933     
   1.6799999999999999       0.32576313058620510     
   1.6870000000000001       0.32348956496780473     
   1.6940000000000000       0.32123022789543543     
   1.7010000000000001       0.31898505503932001     
   1.7080000000000000       0.31675398172931224     
   1.7150000000000001       0.31453694297743490     
   1.7220000000000000       0.31233387349973341     
   1.7290000000000001       0.31014470773746083     
   1.7360000000000000       0.30796937987761458     
   1.7430000000000001       0.30580782387284111     
   1.7500000000000000       0.30365997346072671     
   1.7569999999999999       0.30152576218249094     
   1.7640000000000000       0.29940512340109848     
   1.7709999999999999       0.29729799031880694     
   1.7780000000000000       0.29520429599416315     
   1.7849999999999999       0.29312397335846629     
   1.7920000000000000       0.29105695523170955     
   1.7989999999999999       0.28900317433801720     
   1.8060000000000000       0.28696256332058812     
   1.8129999999999999       0.28493505475616188     
   1.8200000000000001       0.28292058116901808     
   1.8270000000000000       0.28091907504452474     
   1.8340000000000001       0.27893046884224371     
   1.8410000000000000       0.27695469500861036     
   1.8480000000000001       0.27499168598919438     
   1.8550000000000000       0.27304137424055758     
   1.8620000000000001       0.27110369224171588     
   1.8690000000000000       0.26917857250521926     
   1.8759999999999999       0.26726594758785838     
   1.8830000000000000       0.26536575010100927     
   1.8899999999999999       0.26347791272062565     
   1.8970000000000000       0.26160236819688798     
   1.9039999999999999       0.25973904936352049     
   1.9110000000000000       0.25788788914678240     
   1.9179999999999999       0.25604882057414652     
   1.9250000000000000       0.25422177678266922     
   1.9319999999999999       0.25240669102706476     
   1.9390000000000001       0.25060349668748794     
   1.9460000000000000       0.24881212727703778     
   1.9530000000000001       0.24703251644898525     
   1.9600000000000000       0.24526459800373712     
   1.9670000000000001       0.24350830589553965     
   1.9740000000000000       0.24176357423893252     
   1.9810000000000001       0.24003033731495702     
   1.9880000000000000       0.23830852957712861     
   1.9950000000000001       0.23659808565717730     
   2.0019999999999998       0.23489894037056525     
   2.0089999999999999       0.23321102872178545     
   2.0160000000000000       0.23153428590944955     
   2.0230000000000001       0.22986864733117010     
   2.0299999999999998       0.22821404858824249     
   2.0369999999999999       0.22657042549013348     
   2.0440000000000000       0.22493771405878074     
   2.0510000000000002       0.22331585053271000     
   2.0579999999999998       0.22170477137097377     
   2.0649999999999999       0.22010441325691754     
   2.0720000000000001       0.21851471310177828     
   2.0790000000000002       0.21693560804812054     
   2.0859999999999999       0.21536703547311392     
   2.0930000000000000       0.21380893299165710     
   2.1000000000000001       0.21226123845935330     
   2.1070000000000002       0.21072388997534061     
   2.1139999999999999       0.20919682588498228     
   2.1210000000000000       0.20767998478242083     
   2.1280000000000001       0.20617330551299945     
   2.1349999999999998       0.20467672717555577     
   2.1419999999999999       0.20319018912459080     
   2.1490000000000000       0.20171363097231743     
   2.1560000000000001       0.20024699259059139     
   2.1629999999999998       0.19879021411272904     
   2.1699999999999999       0.19734323593521494     
   2.1770000000000000       0.19590599871930264     
   2.1840000000000002       0.19447844339251188     
   2.1909999999999998       0.19306051115002509     
   2.1980000000000000       0.19165214345598752     
   2.2050000000000001       0.19025328204471242     
   2.2120000000000002       0.18886386892179466     
   2.2189999999999999       0.18748384636513674     
   2.2260000000000000       0.18611315692588803     
   2.2330000000000001       0.18475174342930178     
   2.2400000000000002       0.18339954897551153     
   2.2469999999999999       0.18205651694022951     
   2.2540000000000000       0.18072259097536927     
   2.2610000000000001       0.17939771500959675     
   2.2679999999999998       0.17808183324880927     
   2.2749999999999999       0.17677489017654663     
   2.2820000000000000       0.17547683055433702     
   2.2890000000000001       0.17418759942197784     
   2.2959999999999998       0.17290714209775540     
   2.3029999999999999       0.17163540417860457     
   2.3100000000000001       0.17037233154021125     
   2.3170000000000002       0.16911787033705830     
   2.3239999999999998       0.16787196700241833     
   2.3310000000000000       0.16663456824829334     
   2.3380000000000001       0.16540562106530576     
   2.3450000000000002       0.16418507272253938     
   2.3519999999999999       0.16297287076733427     
   2.3590000000000000       0.16176896302503624     
   2.3660000000000001       0.16057329759870295     
   2.3730000000000002       0.15938582286876793     
   2.3799999999999999       0.15820648749266378     
   2.3870000000000000       0.15703524040440650     
   2.3940000000000001       0.15587203081414266     
   2.4009999999999998       0.15471680820765976     
   2.4079999999999999       0.15356952234586169     
   2.4150000000000000       0.15243012326421126     
   2.4220000000000002       0.15129856127214003     
   2.4289999999999998       0.15017478695242686     
   2.4359999999999999       0.14905875116054706     
   2.4430000000000001       0.14795040502399301     
   2.4500000000000002       0.14684969994156677     
   2.4569999999999999       0.14575658758264656     
   2.4640000000000000       0.14467101988642769     
   2.4710000000000001       0.14359294906113981     
   2.4780000000000002       0.14252232758324015     
   2.4849999999999999       0.14145910819658492     
   2.4920000000000000       0.14040324391157891     
   2.4990000000000001       0.13935468800430559     
   2.5059999999999998       0.13831339401563669     
   2.5129999999999999       0.13727931575032368     
   2.5200000000000000       0.13625240727607138     
   2.5270000000000001       0.13523262292259475     
   2.5339999999999998       0.13421991728065932     
   2.5409999999999999       0.13321424520110614     
   2.5480000000000000       0.13221556179386257     
   2.5550000000000002       0.13122382242693872     
   2.5619999999999998       0.13023898272541101     
   2.5690000000000000       0.12926099857039261     
   2.5760000000000001       0.12828982609799336     
   2.5830000000000002       0.12732542169826694     
   2.5899999999999999       0.12636774201414866     
   2.5970000000000000       0.12541674394038246     
   2.6040000000000001       0.12447238462243930     
   2.6110000000000002       0.12353462145542624     
   2.6179999999999999       0.12260341208298740     
   2.6250000000000000       0.12167871439619714     
   2.6320000000000001       0.12076048653244642     
   2.6389999999999998       0.11984868687432201     
   2.6459999999999999       0.11894327404847954     
   2.6530000000000000       0.11804420692451134     
   2.6600000000000001       0.11715144461380826     
   2.6669999999999998       0.11626494646841731     
   2.6739999999999999       0.11538467207989418     
   2.6810000000000000       0.11451058127815263     
   2.6880000000000002       0.11364263413030948     
   2.6949999999999998       0.11278079093952698     
   2.7020000000000000       0.11192501224385169     
   2.7090000000000001       0.11107525881505169     
   2.7160000000000002       0.11023149165745084     
   2.7229999999999999       0.10939367200676196     
   2.7300000000000000       0.10856176132891776     
   2.7370000000000001       0.10773572131890137     
   2.7440000000000002       0.10691551389957551     
   2.7509999999999999       0.10610110122051129     
   2.7580000000000000       0.10529244565681641     
   2.7650000000000001       0.10448950980796395     
   2.7719999999999998       0.10369225649662088     
   2.7789999999999999       0.10290064876747694     
   2.7860000000000000       0.10211464988607498     
   2.7930000000000001       0.10133422333764149     
   2.7999999999999998       0.10055933282591871     
   2.8069999999999999        9.9789942271997986E-002
   2.8140000000000001        9.9026015813154955E-002
   2.8210000000000002        9.8267517801686396E-002
   2.8279999999999998        9.7514412803749007E-002
   2.8350000000000000        9.6766665598200297E-002
   2.8420000000000001        9.6024241175442435E-002
   2.8490000000000002        9.5287104736267836E-002
   2.8559999999999999        9.4555221690707972E-002
   2.8630000000000000        9.3828557656884720E-002
   2.8700000000000001        9.3107078459865072E-002
   2.8769999999999998        9.2390750130518756E-002
   2.8839999999999999        9.1679538904378938E-002
   2.8910000000000000        9.0973411220506908E-002
   2.8980000000000001        9.0272333720359768E-002
   2.9049999999999998        8.9576273246662091E-002
   2.9119999999999999        8.8885196842281092E-002
   2.9190000000000000        8.8199071749106087E-002
   2.9260000000000002        8.7517865406931558E-002
   2.9329999999999998        8.6841545452344460E-002
   2.9399999999999999        8.6170079717615547E-002
   2.9470000000000001        8.5503436229595484E-002
   2.9540000000000002        8.4841583208614610E-002
   2.9609999999999999        8.4184489067387652E-002
   2.9680000000000000        8.3532122409922541E-002
   2.9750000000000001        8.2884452030434347E-002
   2.9820000000000002        8.2241446912263372E-002
   2.9889999999999999        8.1603076226798243E-002
   2.9960000000000000        8.0969309332403483E-002
   3.0030000000000001        8.0340115773352289E-002
   3.0099999999999998        7.9715465278764122E-002
   3.0169999999999999        7.9095327761546680E-002
   3.0240000000000000        7.8479673317343845E-002
   3.0310000000000001        7.7868472223487820E-002
   3.0379999999999998        7.7261694937956621E-002
   3.0449999999999999        7.6659312098336596E-002
   3.0520000000000000        7.6061294520790426E-002
   3.0590000000000002        7.5467613199029740E-002
   3.0659999999999998        7.4878239303293403E-002
   3.0730000000000000        7.4293144179330542E-002
   3.0800000000000001        7.3712299347389473E-002
   3.0870000000000002        7.3135676501211236E-002
   3.0939999999999999        7.2563247507028888E-002
   3.1010000000000000        7.1994984402571613E-002
   3.1080000000000001        7.1430859396074839E-002
   3.1150000000000002        7.0870844865295060E-002
   3.1219999999999999        7.0314913356530187E-002
   3.1290000000000000        6.9763037583645326E-002
   3.1360000000000001        6.9215190427104015E-002
   3.1429999999999998        6.8671344933004419E-002
   3.1499999999999999        6.8131474312121229E-002
   3.1570000000000000        6.7595551938952947E-002
   3.1640000000000001        6.7063551350774228E-002
   3.1709999999999998        6.6535446246693900E-002
   3.1779999999999999        6.6011210486717958E-002
   3.1850000000000001        6.5490818090818539E-002
   3.1920000000000002        6.4974243238007490E-002
   3.1989999999999998        6.4461460265415854E-002
   3.2060000000000000        6.3952443667378220E-002
   3.2130000000000001        6.3447168094522929E-002
   3.2200000000000002        6.2945608352867055E-002
   3.2269999999999999        6.2447739402916987E-002
   3.2340000000000000        6.1953536358774125E-002
   3.2410000000000001        6.1462974487246032E-002
   3.2480000000000002        6.0976029206962663E-002
   3.2549999999999999        6.0492676087497886E-002
   3.2620000000000000        6.0012890848496099E-002
   3.2690000000000001        5.9536649358804379E-002
   3.2759999999999998        5.9063927635609449E-002
   3.2829999999999999        5.8594701843579788E-002
   3.2900000000000000        5.8128948294013341E-002
   3.2970000000000002        5.7666643443989737E-002
   3.3039999999999998        5.7207763895528077E-002
   3.3109999999999999        5.6752286394749378E-002
   3.3180000000000001        5.6300187831044492E-002
   3.3250000000000002        5.5851445236246730E-002
   3.3319999999999999        5.5406035783809635E-002
   3.3390000000000000        5.4963936787989519E-002
   3.3460000000000001        5.4525125703033334E-002
   3.3530000000000002        5.4089580122371091E-002
   3.3599999999999999        5.3657277777813359E-002
   3.3670000000000000        5.3228196538753499E-002
   3.3740000000000001        5.2802314411374986E-002
   3.3809999999999998        5.2379609537863310E-002
   3.3879999999999999        5.1960060195622604E-002
   3.3950000000000000        5.1543644796497416E-002
   3.4020000000000001        5.1130341885998770E-002
   3.4089999999999998        5.0720130142535180E-002
   3.4159999999999999        5.0312988376648209E-002
   3.4230000000000000        4.9908895530252816E-002
   3.4300000000000002        4.9507830675882200E-002
   3.4369999999999998        4.9109773015937261E-002
   3.4440000000000000        4.8714701881940513E-002
   3.4510000000000001        4.8322596733794798E-002
   3.4580000000000002        4.7933437159046195E-002
   3.4649999999999999        4.7547202872151591E-002
   3.4720000000000000        4.7163873713750498E-002
   3.4790000000000001        4.6783429649941546E-002
   3.4860000000000002        4.6405850771563097E-002
   3.4929999999999999        4.6031117293478356E-002
   3.5000000000000000        4.5659209553864641E-002
   3.5070000000000001        4.5290108013507205E-002
   3.5139999999999998        4.4923793255097044E-002
   3.5209999999999999        4.4560245982533012E-002
   3.5280000000000000        4.4199447020228259E-002
   3.5350000000000001        4.3841377312420632E-002
   3.5419999999999998        4.3486017922487373E-002
   3.5489999999999999        4.3133350032263762E-002
   3.5560000000000000        4.2783354941366036E-002
   3.5630000000000002        4.2436014066518195E-002
   3.5699999999999998        4.2091308940882886E-002
   3.5770000000000000        4.1749221213396158E-002
   3.5840000000000001        4.1409732648106434E-002
   3.5910000000000002        4.1072825123517141E-002
   3.5979999999999999        4.0738480631933402E-002
   3.6050000000000000        4.0406681278812411E-002
   3.6120000000000001        4.0077409282117921E-002
   3.6190000000000002        3.9750646971678336E-002
   3.6259999999999999        3.9426376788548621E-002
   3.6330000000000000        3.9104581284375932E-002
   3.6400000000000001        3.8785243120769121E-002
   3.6469999999999998        3.8468345068671805E-002
   3.6539999999999999        3.8153870007739017E-002
   3.6610000000000000        3.7841800925717789E-002
   3.6680000000000001        3.7532120917831015E-002
   3.6749999999999998        3.7224813186165127E-002
   3.6819999999999999        3.6919861039061169E-002
   3.6890000000000001        3.6617247890509554E-002
   3.6960000000000002        3.6316957259548192E-002
   3.7029999999999998        3.6018972769664197E-002
   3.7100000000000000        3.5723278148198867E-002
   3.7170000000000001        3.5429857225756339E-002
   3.7240000000000002        3.5138693935615431E-002
   3.7309999999999999        3.4849772313144976E-002
   3.7380000000000000        3.4563076495222292E-002
   3.7450000000000001        3.4278590719655347E-002
   3.7519999999999998        3.3996299324607862E-002
   3.7589999999999999        3.3716186748027767E-002
   3.7660000000000000        3.3438237527079050E-002
   3.7730000000000001        3.3162436297576633E-002
   3.7799999999999998        3.2888767793424561E-002
   3.7869999999999999        3.2617216846057215E-002
   3.7940000000000000        3.2347768383883910E-002
   3.8010000000000002        3.2080407431736360E-002
   3.8079999999999998        3.1815119110319388E-002
   3.8149999999999999        3.1551888635664591E-002
   3.8220000000000001        3.1290701318587223E-002
   3.8290000000000002        3.1031542564145951E-002
   3.8359999999999999        3.0774397871105665E-002
   3.8430000000000000        3.0519252831403214E-002
   3.8500000000000001        3.0266093129616256E-002
   3.8570000000000002        3.0014904542434866E-002
   3.8639999999999999        2.9765672938136128E-002
   3.8710000000000000        2.9518384276061602E-002
   3.8780000000000001        2.9273024606097705E-002
   3.8849999999999998        2.9029580068158929E-002
   3.8919999999999999        2.8788036891673734E-002
   3.8990000000000000        2.8548381395073555E-002
   3.9060000000000001        2.8310599985284256E-002
   3.9129999999999998        2.8074679157220624E-002
   3.9199999999999999        2.7840605493283346E-002
   3.9270000000000000        2.7608365662859020E-002
   3.9340000000000002        2.7377946421822570E-002
   3.9409999999999998        2.7149334612042542E-002
   3.9480000000000000        2.6922517160888934E-002
   3.9550000000000001        2.6697481080743827E-002
   3.9620000000000002        2.6474213468514477E-002
   3.9689999999999999        2.6252701505149138E-002
   3.9760000000000000        2.6032932455155346E-002
   3.9830000000000001        2.5814893666120973E-002
   3.9900000000000002        2.5598572568237613E-002
   3.9969999999999999        2.5383956673826678E-002
   4.0039999999999996        2.5171033576867830E-002
   4.0110000000000001        2.4959790952530179E-002
   4.0179999999999998        2.4750216556705666E-002
   4.0250000000000004        2.4542298225545069E-002
   4.0320000000000000        2.4336023874996570E-002
   4.0389999999999997        2.4131381500346386E-002
   4.0460000000000003        2.3928359175762293E-002
   4.0529999999999999        2.3726945053839144E-002
   4.0599999999999996        2.3527127365146942E-002
   4.0670000000000002        2.3328894417781385E-002
   4.0739999999999998        2.3132234596916507E-002
   4.0810000000000004        2.2937136364359834E-002
   4.0880000000000001        2.2743588258109907E-002
   4.0949999999999998        2.2551578891915839E-002
   4.1020000000000003        2.2361096954839517E-002
   4.1090000000000000        2.2172131210819797E-002
   4.1159999999999997        2.1984670498239055E-002
   4.1230000000000002        2.1798703729492105E-002
   4.1299999999999999        2.1614219890557090E-002
   4.1369999999999996        2.1431208040568799E-002
   4.1440000000000001        2.1249657311394169E-002
   4.1509999999999998        2.1069556907209810E-002
   4.1580000000000004        2.0890896104081944E-002
   4.1650000000000000        2.0713664249548285E-002
   4.1719999999999997        2.0537850762202187E-002
   4.1790000000000003        2.0363445131278971E-002
   4.1859999999999999        2.0190436916244187E-002
   4.1929999999999996        2.0018815746384234E-002
   4.2000000000000002        1.9848571320398811E-002
   4.2069999999999999        1.9679693405995680E-002
   4.2140000000000004        1.9512171839487388E-002
   4.2210000000000001        1.9345996525390027E-002
   4.2279999999999998        1.9181157436024079E-002
   4.2350000000000003        1.9017644611117351E-002
   4.2420000000000000        1.8855448157409804E-002
   4.2489999999999997        1.8694558248260513E-002
   4.2560000000000002        1.8534965123256513E-002
   4.2629999999999999        1.8376659087823748E-002
   4.2699999999999996        1.8219630512839945E-002
   4.2770000000000001        1.8063869834249395E-002
   4.2839999999999998        1.7909367552679769E-002
   4.2910000000000004        1.7756114233060883E-002
   4.2980000000000000        1.7604100504245299E-002
   4.3049999999999997        1.7453317058630971E-002
   4.3120000000000003        1.7303754651785658E-002
   4.3190000000000000        1.7155404102073391E-002
   4.3259999999999996        1.7008256290282745E-002
   4.3330000000000002        1.6862302159256933E-002
   4.3399999999999999        1.6717532713525961E-002
   4.3470000000000004        1.6573939018940387E-002
   4.3540000000000001        1.6431512202307121E-002
   4.3609999999999998        1.6290243451027052E-002
   4.3680000000000003        1.6150124012734347E-002
   4.3750000000000000        1.6011145194937761E-002
   4.3819999999999997        1.5873298364663675E-002
   4.3890000000000002        1.5736574948100868E-002
   4.3959999999999999        1.5600966430247254E-002
   4.4029999999999996        1.5466464354558189E-002
   4.4100000000000001        1.5333060322596702E-002
   4.4169999999999998        1.5200745993685543E-002
   4.4240000000000004        1.5069513084560652E-002
   4.4310000000000000        1.4939353369026954E-002
   4.4379999999999997        1.4810258677615203E-002
   4.4450000000000003        1.4682220897241168E-002
   4.4520000000000000        1.4555231970866139E-002
   4.4589999999999996        1.4429283897159379E-002
   4.4660000000000002        1.4304368730162031E-002
   4.4729999999999999        1.4180478578953135E-002
   4.4800000000000004        1.4057605607316752E-002
   4.4870000000000001        1.3935742033411433E-002
   4.4939999999999998        1.3814880129440691E-002
   4.5010000000000003        1.3695012221325716E-002
   4.5080000000000000        1.3576130688379347E-002
   4.5149999999999997        1.3458227962981942E-002
   4.5220000000000002        1.3341296530258626E-002
   4.5289999999999999        1.3225328927758583E-002
   4.5359999999999996        1.3110317745135431E-002
   4.5430000000000001        1.2996255623829741E-002
   4.5499999999999998        1.2883135256752800E-002
   4.5570000000000004        1.2770949387972163E-002
   4.5640000000000001        1.2659690812398709E-002
   4.5709999999999997        1.2549352375475387E-002
   4.5780000000000003        1.2439926972867334E-002
   4.5850000000000000        1.2331407550153953E-002
   4.5919999999999996        1.2223787102522038E-002
   4.5990000000000002        1.2117058674460958E-002
   4.6059999999999999        1.2011215359459051E-002
   4.6130000000000004        1.1906250299701757E-002
   4.6200000000000001        1.1802156685771153E-002
   4.6269999999999998        1.1698927756347175E-002
   4.6340000000000003        1.1596556797910149E-002
   4.6410000000000000        1.1495037144445174E-002
   4.6479999999999997        1.1394362177147576E-002
   4.6550000000000002        1.1294525324130309E-002
   4.6619999999999999        1.1195520060132544E-002
   4.6689999999999996        1.1097339906229927E-002
   4.6760000000000002        1.0999978429546149E-002
   4.6829999999999998        1.0903429242966313E-002
   4.6900000000000004        1.0807686004851311E-002
   4.6970000000000001        1.0712742418754188E-002
   4.7039999999999997        1.0618592233137474E-002
   4.7110000000000003        1.0525229241092384E-002
   4.7180000000000000        1.0432647280059189E-002
   4.7249999999999996        1.0340840231549202E-002
   4.7320000000000002        1.0249802020868008E-002
   4.7389999999999999        1.0159526616840458E-002
   4.7460000000000004        1.0070008031536621E-002
   4.7530000000000001        9.9812403199996749E-003
   4.7599999999999998        9.8932175799747151E-003
   4.7670000000000003        9.8059339516393881E-003
   4.7740000000000000        9.7193836173356338E-003
   4.7809999999999997        9.6335608013030111E-003
   4.7880000000000003        9.5484597694132367E-003
   4.7949999999999999        9.4640748289063787E-003
   4.8019999999999996        9.3804003281280669E-003
   4.8090000000000002        9.2974306562684291E-003
   4.8159999999999998        9.2151602431021495E-003
   4.8230000000000004        9.1335835587300282E-003
   4.8300000000000001        9.0526951133218132E-003
   4.8369999999999997        8.9724894568604593E-003
   4.8440000000000003        8.8929611788876109E-003
   4.8510000000000000        8.8141049082506688E-003
   4.8579999999999997        8.7359153128508289E-003
   4.8650000000000002        8.6583870993928204E-003
   4.8719999999999999        8.5815150131357074E-003
   4.8789999999999996        8.5052938376451621E-003
   4.8860000000000001        8.4297183945469065E-003
   4.8929999999999998        8.3547835432817054E-003
   4.9000000000000004        8.2804841808613028E-003
   4.9070000000000000        8.2068152416260778E-003
   4.9139999999999997        8.1337716970035744E-003
   4.9210000000000003        8.0613485552686829E-003
   4.9279999999999999        7.9895408613048433E-003
   4.9349999999999996        7.9183436963666930E-003
   4.9420000000000002        7.8477521778438260E-003
   4.9489999999999998        7.7777614590260596E-003
   4.9560000000000004        7.7083667288696360E-003
   4.9630000000000001        7.6395632117650528E-003
   4.9699999999999998        7.5713461673057748E-003
   4.9770000000000003        7.5037108900585106E-003
   4.9840000000000000        7.4366527093345175E-003
   4.9909999999999997        7.3701669889622654E-003
   4.9980000000000002        7.3042491270612171E-003
   5.0049999999999999        7.2388945558170296E-003
   5.0119999999999996        7.1740987412577065E-003
   5.0190000000000001        7.1098571830312384E-003
   5.0259999999999998        7.0461654141842625E-003
   5.0330000000000004        6.9830190009420364E-003
   5.0400000000000000        6.9204135424895596E-003
   5.0469999999999997        6.8583446707539408E-003
   5.0540000000000003        6.7968080501878648E-003
   5.0609999999999999        6.7357993775544371E-003
   5.0679999999999996        6.6753143817129398E-003
   5.0750000000000002        6.6153488234060405E-003
   5.0819999999999999        6.5558984950479827E-003
   5.0890000000000004        6.4969592205140437E-003
   5.0960000000000001        6.4385268549311129E-003
   5.1029999999999998        6.3805972844694627E-003
   5.1100000000000003        6.3231664261356110E-003
   5.1170000000000000        6.2662302275664841E-003
   5.1239999999999997        6.2097846668244857E-003
   5.1310000000000002        6.1538257521939624E-003
   5.1379999999999999        6.0983495219786195E-003
   5.1449999999999996        6.0433520443001791E-003
   5.1520000000000001        5.9888294168980631E-003
   5.1589999999999998        5.9347777669303712E-003
   5.1660000000000004        5.8811932507757195E-003
   5.1730000000000000        5.8280720538364996E-003
   5.1799999999999997        5.7754103903429419E-003
   5.1870000000000003        5.7232045031585322E-003
   5.1940000000000000        5.6714506635863757E-003
   5.2009999999999996        5.6201451711767395E-003
   5.2080000000000002        5.5692843535355948E-003
   5.2149999999999999        5.5188645661344068E-003
   5.2220000000000004        5.4688821921207728E-003
   5.2290000000000001        5.4193336421304167E-003
   5.2359999999999998        5.3702153540999666E-003
   5.2430000000000003        5.3215237930810564E-003
   5.2500000000000000        5.2732554510553156E-003
   5.2569999999999997        5.2254068467505266E-003
   5.2640000000000002        5.1779745254577313E-003
   5.2709999999999999        5.1309550588495550E-003
   5.2779999999999996        5.0843450447993505E-003
   5.2850000000000001        5.0381411072016125E-003
   5.2919999999999998        4.9923398957932609E-003
   5.2990000000000004        4.9469380859760584E-003
   5.3060000000000000        4.9019323786399930E-003
   5.3129999999999997        4.8573194999877471E-003
   5.3200000000000003        4.8130962013600937E-003
   5.3270000000000000        4.7692592590624630E-003
   5.3339999999999996        4.7258054741923161E-003
   5.3410000000000002        4.6827316724677229E-003
   5.3479999999999999        4.6400347040568097E-003
   5.3550000000000004        4.5977114434082719E-003
   5.3620000000000001        4.5557587890828468E-003
   5.3689999999999998        4.5141736635858137E-003
   5.3760000000000003        4.4729530132004078E-003
   5.3830000000000000        4.4320938078223513E-003
   5.3899999999999997        4.3915930407951737E-003
   5.3970000000000002        4.3514477287466937E-003
   5.4039999999999999        4.3116549114263283E-003
   5.4109999999999996        4.2722116515434517E-003
   5.4180000000000001        4.2331150346066760E-003
   5.4249999999999998        4.1943621687640939E-003
   5.4320000000000004        4.1559501846444614E-003
   5.4390000000000001        4.1178762351994028E-003
   5.4459999999999997        4.0801374955464140E-003
   5.4530000000000003        4.0427311628129644E-003
   5.4600000000000000        4.0056544559814219E-003
   5.4669999999999996        3.9689046157349609E-003
   5.4740000000000002        3.9324789043043854E-003
   5.4809999999999999        3.8963746053158701E-003
   5.4880000000000004        3.8605890236396065E-003
   5.4950000000000001        3.8251194852394403E-003
   5.5019999999999998        3.7899633370232755E-003
   5.5090000000000003        3.7551179466945406E-003
   5.5160000000000000        3.7205807026044462E-003
   5.5229999999999997        3.6863490136051953E-003
   5.5300000000000002        3.6524203089040711E-003
   5.5369999999999999        3.6187920379184141E-003
   5.5439999999999996        3.5854616701314719E-003
   5.5510000000000002        3.5524266949491798E-003
   5.5579999999999998        3.5196846215577535E-003
   5.5650000000000004        3.4872329787822066E-003
   5.5720000000000001        3.4550693149457030E-003
   5.5789999999999997        3.4231911977298051E-003
   5.5860000000000003        3.3915962140355564E-003
   5.5930000000000000        3.3602819698454363E-003
   5.5999999999999996        3.3292460900861782E-003
   5.6070000000000002        3.2984862184923967E-003
   5.6139999999999999        3.2680000174711179E-003
   5.6210000000000004        3.2377851679671107E-003
   5.6280000000000001        3.2078393693290605E-003
   5.6349999999999998        3.1781603391765919E-003
   5.6420000000000003        3.1487458132681083E-003
   5.6490000000000000        3.1195935453694583E-003
   5.6559999999999997        3.0907013071234369E-003
   5.6630000000000003        3.0620668879200717E-003
   5.6699999999999999        3.0336880947677719E-003
   5.6769999999999996        3.0055627521652492E-003
   5.6840000000000002        2.9776887019742561E-003
   5.6909999999999998        2.9500638032931232E-003
   5.6980000000000004        2.9226859323311103E-003
   5.7050000000000001        2.8955529822835284E-003
   5.7119999999999997        2.8686628632076760E-003
   5.7190000000000003        2.8420135018995298E-003
   5.7260000000000000        2.8156028417712646E-003
   5.7329999999999997        2.7894288427295138E-003
   5.7400000000000002        2.7634894810544177E-003
   5.7469999999999999        2.7377827492794430E-003
   5.7539999999999996        2.7123066560719783E-003
   5.7610000000000001        2.6870592261146638E-003
   5.7679999999999998        2.6620384999875460E-003
   5.7750000000000004        2.6372425340508896E-003
   5.7820000000000000        2.6126694003288423E-003
   5.7889999999999997        2.5883171863937851E-003
   5.7960000000000003        2.5641839952514479E-003
   5.8029999999999999        2.5402679452267624E-003
   5.8099999999999996        2.5165671698504674E-003
   5.8170000000000002        2.4930798177464045E-003
   5.8239999999999998        2.4698040525196253E-003
   5.8310000000000004        2.4467380526451161E-003
   5.8380000000000001        2.4238800113573454E-003
   5.8449999999999998        2.4012281365404717E-003
   5.8520000000000003        2.3787806506192859E-003
   5.8590000000000000        2.3565357904508583E-003
   5.8659999999999997        2.3344918072169085E-003
   5.8730000000000002        2.3126469663168440E-003
   5.8799999999999999        2.2909995472615683E-003
   5.8869999999999996        2.2695478435678872E-003
   5.8940000000000001        2.2482901626537108E-003
   5.9009999999999998        2.2272248257338674E-003
   5.9080000000000004        2.2063501677166506E-003
   5.9150000000000000        2.1856645371010216E-003
   5.9219999999999997        2.1651662958745129E-003
   5.9290000000000003        2.1448538194117728E-003
   5.9359999999999999        2.1247254963738462E-003
   5.9429999999999996        2.1047797286080317E-003
   5.9500000000000002        2.0850149310484962E-003
   5.9569999999999999        2.0654295316174854E-003
   5.9640000000000004        2.0460219711272254E-003
   5.9710000000000001        2.0267907031824646E-003
   5.9779999999999998        2.0077341940836755E-003
   5.9850000000000003        1.9888509227308825E-003
   5.9920000000000000        1.9701393805281841E-003
   5.9989999999999997        1.9515980712888385E-003
   6.0060000000000002        1.9332255111410637E-003
   6.0129999999999999        1.9150202284344169E-003
   6.0199999999999996        1.8969807636468352E-003
   6.0270000000000001        1.8791056692922705E-003
   6.0339999999999998        1.8613935098290057E-003
   6.0410000000000004        1.8438428615685047E-003
   6.0480000000000000        1.8264523125849771E-003
   6.0549999999999997        1.8092204626254610E-003
   6.0620000000000003        1.7921459230205950E-003
   6.0690000000000000        1.7752273165959423E-003
   6.0759999999999996        1.7584632775839502E-003
   6.0830000000000002        1.7418524515364780E-003
   6.0899999999999999        1.7253934952379724E-003
   6.0970000000000004        1.7090850766191613E-003
   6.1040000000000001        1.6929258746714243E-003
   6.1109999999999998        1.6769145793616633E-003
   6.1180000000000003        1.6610498915478286E-003
   6.1250000000000000        1.6453305228949790E-003
   6.1319999999999997        1.6297551957919405E-003
   6.1390000000000002        1.6143226432685177E-003
   6.1459999999999999        1.5990316089133185E-003
   6.1529999999999996        1.5838808467920789E-003
   6.1600000000000001        1.5688691213666197E-003
   6.1669999999999998        1.5539952074143167E-003
   6.1740000000000004        1.5392578899481523E-003
   6.1810000000000000        1.5246559641373079E-003
   6.1879999999999997        1.5101882352283203E-003
   6.1950000000000003        1.4958535184667638E-003
   6.2020000000000000        1.4816506390195189E-003
   6.2089999999999996        1.4675784318975223E-003
   6.2160000000000002        1.4536357418791159E-003
   6.2229999999999999        1.4398214234338891E-003
   6.2300000000000004        1.4261343406470740E-003
   6.2370000000000001        1.4125733671444599E-003
   6.2439999999999998        1.3991373860178446E-003
   6.2510000000000003        1.3858252897509876E-003
   6.2580000000000000        1.3726359801461223E-003
   6.2649999999999997        1.3595683682509317E-003
   6.2720000000000002        1.3466213742860892E-003
   6.2789999999999999        1.3337939275732764E-003
   6.2859999999999996        1.3210849664637276E-003
   6.2930000000000001        1.3084934382672578E-003
   6.2999999999999998        1.2960182991818329E-003
   6.3070000000000004        1.2836585142235789E-003
   6.3140000000000001        1.2714130571573560E-003
   6.3209999999999997        1.2592809104277586E-003
   6.3280000000000003        1.2472610650906613E-003
   6.3350000000000000        1.2353525207452159E-003
   6.3419999999999996        1.2235542854663523E-003
   6.3490000000000002        1.2118653757377403E-003
   6.3559999999999999        1.2002848163852667E-003
   6.3630000000000004        1.1888116405109354E-003
   6.3700000000000001        1.1774448894272998E-003
   6.3769999999999998        1.1661836125923049E-003
   6.3840000000000003        1.1550268675446505E-003
   6.3910000000000000        1.1439737198395800E-003
   6.3979999999999997        1.1330232429851538E-003
   6.4050000000000002        1.1221745183789594E-003
   6.4119999999999999        1.1114266352453134E-003
   6.4189999999999996        1.1007786905728664E-003
   6.4260000000000002        1.0902297890527067E-003
   6.4329999999999998        1.0797790430168795E-003
   6.4400000000000004        1.0694255723773657E-003
   6.4470000000000001        1.0591685045654965E-003
   6.4539999999999997        1.0490069744718133E-003
   6.4610000000000003        1.0389401243863499E-003
   6.4680000000000000        1.0289671039393797E-003
   6.4749999999999996        1.0190870700425478E-003
   6.4820000000000002        1.0092991868304792E-003
   6.4889999999999999        9.9960262560277839E-004
   6.4960000000000004        9.8999656476647137E-004
   6.5030000000000001        9.8048018977885728E-004
   6.5099999999999998        9.7105269309078791E-004
   6.5170000000000003        9.6171327409034753E-004
   6.5240000000000000        9.5246113904697211E-004
   6.5309999999999997        9.4329550105594080E-004
   6.5380000000000003        9.3421557998331340E-004
   6.5449999999999999        9.2522060241124625E-004
   6.5519999999999996        9.1630980158372423E-004
   6.5590000000000002        9.0748241735268023E-004
   6.5659999999999998        8.9873769612453544E-004
   6.5730000000000004        8.9007489080709880E-004
   6.5800000000000001        8.8149326075690013E-004
   6.5869999999999997        8.7299207172687255E-004
   6.5940000000000003        8.6457059581445631E-004
   6.6010000000000000        8.5622811141006542E-004
   6.6079999999999997        8.4796390314594808E-004
   6.6150000000000002        8.3977726184541600E-004
   6.6219999999999999        8.3166748447247268E-004
   6.6289999999999996        8.2363387408178497E-004
   6.6360000000000001        8.1567573976905903E-004
   6.6429999999999998        8.0779239662176537E-004
   6.6500000000000004        7.9998316567024162E-004
   6.6570000000000000        7.9224737383915651E-004
   6.6639999999999997        7.8458435389934099E-004
   6.6710000000000003        7.7699344441997100E-004
   6.6779999999999999        7.6947398972112917E-004
   6.6849999999999996        7.6202533982669114E-004
   6.6920000000000002        7.5464685041759852E-004
   6.6989999999999998        7.4733788278545882E-004
   6.7060000000000004        7.4009780378650914E-004
   6.7130000000000001        7.3292598579591803E-004
   6.7199999999999998        7.2582180666243832E-004
   6.7270000000000003        7.1878464966339338E-004
   6.7340000000000000        7.1181390346002169E-004
   6.7409999999999997        7.0490896205313070E-004
   6.7480000000000002        6.9806922473911648E-004
   6.7549999999999999        6.9129409606629485E-004
   6.7619999999999996        6.8458298579157585E-004
   6.7690000000000001        6.7793530883745654E-004
   6.7759999999999998        6.7135048524935874E-004
   6.7830000000000004        6.6482794015326405E-004
   6.7900000000000000        6.5836710371370384E-004
   6.7969999999999997        6.5196741109203600E-004
   6.8040000000000003        6.4562830240506863E-004
   6.8109999999999999        6.3934922268398182E-004
   6.8179999999999996        6.3312962183357103E-004
   6.8250000000000002        6.2696895459179525E-004
   6.8319999999999999        6.2086668048965115E-004
   6.8390000000000004        6.1482226381132706E-004
   6.8460000000000001        6.0883517355469639E-004
   6.8529999999999998        6.0290488339208087E-004
   6.8600000000000003        5.9703087163134308E-004
   6.8670000000000000        5.9121262117725983E-004
   6.8739999999999997        5.8544961949320352E-004
   6.8810000000000002        5.7974135856310905E-004
   6.8879999999999999        5.7408733485374915E-004
   6.8949999999999996        5.6848704927727985E-004
   6.9020000000000001        5.6294000715409714E-004
   6.9089999999999998        5.5744571817596472E-004
   6.9160000000000004        5.5200369636943588E-004
   6.9230000000000000        5.4661346005955408E-004
   6.9299999999999997        5.4127453183383967E-004
   6.9370000000000003        5.3598643850654793E-004
   6.9440000000000000        5.3074871108321937E-004
   6.9509999999999996        5.2556088472548526E-004
   6.9580000000000002        5.2042249871616709E-004
   6.9649999999999999        5.1533309642463421E-004
   6.9720000000000004        5.1029222527243805E-004
   6.9790000000000001        5.0529943669921115E-004
   6.9859999999999998        5.0035428612883639E-004
   6.9930000000000003        4.9545633293587236E-004
   7.0000000000000000        4.9060514041225699E-004
